0,0,0,0.00020451,0.00535079,-1.0943e-06,0.999986,0,0,0,2
0.0799869,-0.0503724,0.0900357,0.00306033,0.00251302,-7.69074e-06,0.999992,0,0,0,3
0.0057877,-0.0215234,0.029949,0.0047618,0.00293821,-1.39914e-05,0.999984,0,0,0,4
0.0209929,-0.00205026,0.0299347,0.00553304,0.00448692,-2.48269e-05,0.999975,0,0,0,5
0.0223033,-0.0541252,0.0699788,0.00552877,0.00493391,-2.72792e-05,0.999973,0,0,0,6
0.0403146,-0.0523589,0.069932,0.00634395,0.00563217,-3.57314e-05,0.999964,0,0,0,7
-0.0031857,-0.0240092,0.0498525,0.00637255,0.00835727,-5.32601e-05,0.999945,0,0,0,8
0.0508829,-0.0534233,0.0899206,0.00632674,0.00927403,-5.86781e-05,0.999937,0,0,0.279999,9
0.0111995,-0.0159742,0.0399583,0.0053417,0.0102757,-5.48935e-05,0.999933,0,0,0.279999,10
0.0732746,-0.0783515,0.11999,0.00474245,0.0103077,-4.88869e-05,0.999936,0,0,0.279999,11
0.0446444,-0.0399505,0.0699819,0.00474245,0.0103077,-4.88869e-05,0.999936,0,0,0.279999,12
-0.00786664,-0.0296709,0.0600206,0.00420329,0.010145,-4.26452e-05,0.99994,0,0,0.307999,13
0.0197987,-0.0285019,0.0498956,0.00382808,0.011245,-4.30497e-05,0.999929,0,0,0.307999,14
0.0331301,-0.0391256,0.0599776,0.00283664,0.0115853,-3.28656e-05,0.999929,0,0,0.307999,15
0.0600179,-0.0534746,0.109898,0.00307292,0.012142,-3.73141e-05,0.999922,0,0,0.307999,16
0.0306896,-0.0275664,0.0500395,0.00280033,0.0117412,-3.28817e-05,0.999927,0,0,0.278,17
-0.00547185,-0.0566551,0.0500646,0.00172691,0.0112689,-1.94617e-05,0.999935,0,0,0.278,18
0.0328693,-0.0264705,0.0600726,0.00208438,0.0104174,-2.17151e-05,0.999944,0,0,0.278,19
0.0436264,-0.0634889,0.109801,0.00176951,0.0119213,-2.10965e-05,0.999927,0,0,0.28801,20
0.014897,-0.0211844,0.0398096,0.00242216,0.0131208,-3.17836e-05,0.999911,0,0,0.28801,21
0,0,0,0.00266013,0.0132309,-3.5199e-05,0.999909,0,0,0.28801,22
-0.0955102,-0.0140864,0.029989,0.00266013,0.0132309,-3.5199e-05,0.999909,0,0,0.28801,23
0.0356316,-0.0375789,0.0600856,0.0021204,0.0126223,-2.67664e-05,0.999918,0,0,0.28801,24
0.0238357,-0.0235644,0.0301543,0.00140706,0.0115808,-1.62959e-05,0.999932,0,0,0.283997,25
0.019224,-0.0344989,0.0799622,0.000734834,0.0117547,-8.63838e-06,0.999931,0,0,0.283997,26
0.0495682,-0.0577705,0.0899272,0.000636966,0.0120803,-7.69533e-06,0.999927,0,0,0.283997,27
0.00788086,-0.032047,0.0499935,0.00261163,0.0117571,-3.07073e-05,0.999927,0,0,0.283997,28
0.0416896,-0.049207,0.0898795,0.00439785,0.0118392,-5.20711e-05,0.99992,0,0.0625,0.270004,29
0.0350398,-0.052657,0.0699776,0.00439785,0.0118392,-5.20711e-05,0.99992,0,0.0625,0.270004,30
0.0356431,-0.0379974,0.0697172,0.00624906,0.0125968,-7.87258e-05,0.999901,0,0.0625,0.270004,31
0.0381732,-0.0453409,0.0698038,0.00682911,0.01324,-9.04273e-05,0.999889,0,0.0625,0.270004,32
0.0351579,-0.0389926,0.0599674,0.00671404,0.0133299,-8.95074e-05,0.999889,0,0,0.274002,33
0.0240828,-0.0319299,0.0399423,0.00572052,0.0139858,-8.00149e-05,0.999886,0,0,0.274002,34
0.0413223,-0.0371945,0.0699918,0.00552172,0.013949,-7.70311e-05,0.999887,0,0,0.274002,35
0.0407684,-0.0354585,0.0798055,0.00635275,0.0143519,-9.1185e-05,0.999877,0,0,0.274002,36
0.0337249,-0.0445616,0.0599662,0.0058883,0.0145677,-8.57896e-05,0.999877,0,0,0.294998,37
0.0326759,-0.0451559,0.0698858,0.00495165,0.0152539,-7.55418e-05,0.999871,0,0,0.294998,38
0.0435215,-0.0371874,0.0799637,0.00444669,0.0153894,-6.84406e-05,0.999872,0,0,0.294998,39
0.03787,-0.0470172,0.0896744,0.00361136,0.0166808,-6.02491e-05,0.999854,0,0,0.294998,40
0.0335998,-0.0489043,0.0599064,0.00152974,0.017208,-2.63277e-05,0.999851,0,0,0.304993,41
0,0,0,-9.21212e-05,0.0173395,1.59757e-06,0.99985,0,0,0.304993,42
0.0501964,-0.0195166,0.0703585,0.00118856,0.015928,-1.89339e-05,0.999872,0,0,0.298004,43
0.0383588,-0.0410749,0.0800193,0.00199605,0.0156338,-3.12096e-05,0.999876,0,0,0.298004,44
0.0234715,-0.0482311,0.0700127,0.00203798,0.0154611,-3.15131e-05,0.999878,0,0,0.298004,45
0.035951,-0.0424542,0.0601598,0.00229974,0.0147448,-3.39129e-05,0.999889,0,0,0.298004,46
0.0332449,-0.0389997,0.0502599,0.00130885,0.0138087,-1.80754e-05,0.999904,0,0,0.330002,47
0.0524977,-0.0641592,0.0804406,-0.000449669,0.0119356,5.36748e-06,0.999929,0,0,0.330002,48
0.0522048,-0.0363509,0.0803742,-0.00079305,0.0100444,7.96611e-06,0.999949,0,0,0.330002,49
0.0329049,-0.0142819,0.0804198,2.50038e-05,0.00755086,-1.88805e-07,0.999971,0,0,0.330002,50
0.00981293,-0.0366541,0.060062,0.000347933,0.00706754,-2.4591e-06,0.999975,0,0,0.328003,51
0.0406079,-0.0687429,0.129987,0.000347933,0.00706754,-2.4591e-06,0.999975,0,0,0.328003,52
0.0209623,-0.023753,0.0698676,0.0015649,0.00772955,-1.20964e-05,0.999969,0,0,0.328003,53
0.037259,-0.0348779,0.0995616,0.00433213,0.0091601,-3.96848e-05,0.999949,0,0,0.328003,54
0.0500989,-0.0658438,0.109806,0.00519763,0.00957361,-4.97631e-05,0.999941,0,0,0.32399,55
0.0319023,-0.0415829,0.0695579,0.00644099,0.0107827,-6.94566e-05,0.999921,0,0,0.32399,56
0.0358418,-0.0549676,0.0596502,0.00694062,0.0118177,-8.20297e-05,0.999906,0,0,0.32399,57
0.0501078,-0.0485625,0.0699494,0.00723082,0.0117365,-8.48727e-05,0.999905,0,0,0.32399,58
0.037425,-0.0385789,0.0500264,0.00668719,0.0118847,-7.94823e-05,0.999907,0,0,0.334,59
0.0281994,-0.0849931,0.109753,0.00442057,0.013581,-6.0042e-05,0.999898,0,0,0.334,60
0.0474731,-0.0615761,0.0704278,0.00148774,0.0127455,-1.89636e-05,0.999918,0,0,0.334,61
0,0,0,0.000206702,0.0127017,-2.62567e-06,0.999919,0,0,0.322006,62
0.0476247,-0.0655709,0.149909,-0.000139959,0.0128369,1.7968e-06,0.999918,0,0,0.322006,63
0.0512287,-0.0417935,0.0702221,-0.000734605,0.0120392,8.84469e-06,0.999927,0,0,0.334991,64
0.0404907,-0.039957,0.0799709,-0.000725766,0.0120584,8.75221e-06,0.999927,0,0,0.334991,65
0.0285375,-0.00759952,0.0503129,0.000390066,0.0109765,-4.28181e-06,0.99994,0,0,0.334991,66
0.0492202,-0.0447771,0.0902324,0.00107885,0.0100038,-1.07932e-05,0.999949,0,0,0.320999,67
0.0267454,-0.0416188,0.0600729,0.00150965,0.00961957,-1.45228e-05,0.999953,0,0,0.320999,68
0.0418722,-0.062724,0.110002,0.00160864,0.00951667,-1.53096e-05,0.999953,0,0,0.320999,69
0.0258459,-0.0563136,0.0798389,0.0014329,0.0100928,-1.44628e-05,0.999948,0,0,0.320999,70
0.0276865,-0.0435985,0.0798217,0.00161906,0.0106311,-1.72134e-05,0.999942,0,0,0.171005,71
0.110466,-0.104086,0.209455,0.00305779,0.0118832,-3.6339e-05,0.999925,0,0,0.171005,72
0.0751521,-0.0749908,0.13994,0.00376322,0.0117312,-4.41506e-05,0.999924,0,0,0.171005,73
0.0254805,-0.0490101,0.0598137,0.00381839,0.012196,-4.6573e-05,0.999918,0,0,0.341995,74
0.0325283,-0.0658434,0.0894861,0.00283762,0.0137135,-3.89177e-05,0.999902,0,0,0.341995,75
0.0544196,-0.0358038,0.0599803,0.00219017,0.0138224,-3.02763e-05,0.999902,0,0,0.341995,76
0.0199534,-0.0545518,0.0896445,0.00133933,0.0146723,-1.96532e-05,0.999891,0,0,0.341995,77
0.0417222,-0.034114,0.0499958,0.000343843,0.0146905,-5.05179e-06,0.999892,0,0,0.348007,78
0.097548,-0.0245896,0.111087,0.00106275,0.0118793,-1.26257e-05,0.999929,0,0,0.348007,79
0.00481273,-0.0329592,0.0600688,0.0013906,0.0116093,-1.6145e-05,0.999932,0,0,0.348007,80
0.0498152,-0.0554886,0.110277,0.00225761,0.0105901,-2.39097e-05,0.999941,0,0,0.348007,81
0,0,0,0.00264927,0.00882987,-2.33937e-05,0.999958,0,0,0.347,82
0.0509277,-0.0434547,0.120139,0.00399511,0.00769437,-3.0741e-05,0.999962,0,0,0.347,83
0.0294059,-0.0432306,0.0899333,0.00426674,0.00775517,-3.30906e-05,0.999961,0,0,0.347992,84
0.0173902,-0.0634676,0.059973,0.0037576,0.00808183,-3.03695e-05,0.99996,0,0,0.347992,85
0.0405079,-0.0573308,0.0900023,0.00322143,0.00825071,-2.65801e-05,0.999961,0,0,0.347992,86
0.00923516,0.0101652,0.0889387,0.00524342,0.0106175,-5.56757e-05,0.99993,0,0,0.347992,87
0.0744365,-0.0858946,0.130055,0.00460926,0.0106635,-4.9154e-05,0.999933,0,0,0.343018,88
0.0699628,-0.0710625,0.0800013,0.00458475,0.0106118,-4.86557e-05,0.999933,0,0,0.343018,89
0.0275825,-0.0159752,0.0399893,0.00458475,0.0106118,-4.86557e-05,0.999933,0,0,0.343018,90
0.0499702,-0.0624458,0.100126,0.00344716,0.0106355,-3.66647e-05,0.999937,0,0,0.343018,91
0.0300638,-0.0384546,0.0799149,0.00287517,0.0109696,-3.15416e-05,0.999936,0,0,0.333984,92
-0.00773048,-0.0541274,0.0588423,0.00148906,0.0137895,-2.05353e-05,0.999904,0,0,0.333984,93
0.0589423,-0.0487809,0.139412,0.00131248,0.0148332,-1.94704e-05,0.999889,0,0,0.333984,94
0.0844236,-0.0369581,0.109679,0.00169265,0.0152854,-2.58759e-05,0.999882,0,0,0.333984,95
0.0544905,-0.0582591,0.0597734,0.000853773,0.0156985,-1.34046e-05,0.999876,0,0,0.33902,96
0.0566674,-0.0512284,0.0998185,0.000647343,0.0159318,-1.03147e-05,0.999873,0,0,0.33902,97
0.0142486,-0.0129365,0.0493911,0.00056929,0.016879,-9.6104e-06,0.999857,0,0,0.33902,98
0.029599,-0.0505844,0.098765,0.000442652,0.0186257,-8.24614e-06,0.999826,0,0,0.33902,99
0.0439785,-0.0579088,0.0791777,0.000109581,0.0196732,-2.15623e-06,0.999806,0,0,0.348999,100
0.0373096,-0.0605183,0.108468,-0.000202361,0.0214826,4.34826e-06,0.999769,0,0,0.348999,101
0,0,0,3.71322e-05,0.0226204,-8.40159e-07,0.999744,0,0,0.348999,102
-0.13522,-0.0049449,0.0293165,0.000331893,0.0233373,-7.74758e-06,0.999728,0,0,0.348999,103
0.166632,-0.0463639,0.0792506,0.000235434,0.0240407,-5.66165e-06,0.999711,0,0,0.335999,104
0.069344,-0.05545,0.0998138,0.000502097,0.02411,-1.21091e-05,0.999709,0,0,0.335999,105
0.152769,-0.0476003,0.15277,0.00341142,0.0206289,-7.03893e-05,0.999781,0,0,0.335999,106
0.0333224,-0.0506419,0.0511902,0.00414893,0.0189683,-7.8713e-05,0.999811,0,0,0.339996,107
0.0307077,-0.0568661,0.0809711,0.00521233,0.017318,-9.02818e-05,0.999836,0,0,0.339996,108
-0.0047503,-0.0646491,0.0801267,0.00576602,0.0168888,-9.73965e-05,0.999841,0,0,0.339996,109
0.0354067,-0.0834565,0.0903818,0.00533769,0.0164037,-8.75709e-05,0.999851,0,0,0.339996,110
0.0398374,-0.0339796,0.0607208,0.0045984,0.0155122,-7.13407e-05,0.999869,0,0,0.341003,111
0.00461946,-0.0588106,0.0995869,0.00390451,0.0162316,-6.33854e-05,0.999861,0,0,0.341003,112
0.0068203,-0.0138852,0.0687125,0.00461778,0.0177624,-8.20368e-05,0.999832,0,0,0.341003,113
0.0329251,-0.000686016,0.0683762,0.00624038,0.019259,-0.000120208,0.999795,0,0,0.341003,114
0.0817352,-0.0454072,0.0889563,0.00782184,0.0198295,-0.000155139,0.999773,0,0,0.342987,115
0.0750464,-0.0715877,0.079771,0.00830263,0.0198125,-0.000164534,0.999769,0,0,0.342987,116
0.0636716,-0.0274948,0.0402377,0.010083,0.0186379,-0.000187969,0.999775,0,0,0.342987,117
0.104257,-0.0337733,0.0423583,0.0110625,0.0147759,-0.000163485,0.99983,0,0,0.342987,118
0.00485909,-0.0314754,0.0408722,0.011689,0.0127874,-0.000149494,0.99985,0,0,0.259003,119
-0.0401312,-0.0236041,0.0201205,0.0117932,0.0124551,-0.000146907,0.999853,0,0,0.259003,120
-0.00985478,-0.0174867,0.0202847,0.0122532,0.0114336,-0.000140118,0.99986,0,0,0.259003,121
0,0,0,0.00887849,0.0119965,-0.000106523,0.999889,0,0,0.152008,122
0.0127818,0.0179862,0.0103366,0.00777071,0.0121269,-9.42444e-05,0.999896,0,0,0.152008,123
0.00708016,0.00687683,0.000454283,0.0052356,0.0126372,-6.61696e-05,0.999906,0,0,0.152008,124
0.0020773,0.00890209,0.00993688,0.00418798,0.0131239,-5.4968e-05,0.999905,0,0,0.152008,125
-0.0088189,0.00269608,0.00970057,0.00268614,0.0139922,-3.75888e-05,0.999898,0,0,0.0480042,126
0.0152692,-0.0121198,0.0096464,-0.000114822,0.0147836,1.69767e-06,0.999891,0,0,0.0480042,127
-0.011962,0.0413851,-0.000757791,-0.000760819,0.0158688,1.20748e-05,0.999874,0,0,0.0480042,128
0.0164784,0.0288874,-0.000238641,-0.00157415,0.0161423,2.54138e-05,0.999868,0,0,0.0480042,129
0.0191978,0.0185347,-6.13951e-05,-0.00181133,0.0162022,2.93514e-05,0.999867,0,0,0.0209961,130
-0.0401837,0.01833,-0.0115229,-0.00221193,0.0181444,4.01408e-05,0.999833,0,0,0.0209961,131
0.0194355,0.0244119,-0.000509379,-0.00195056,0.0187901,3.66578e-05,0.999822,0,0,0.0209961,132
0.0792644,-0.00589422,-0.0189167,-0.0024755,0.0174032,4.30883e-05,0.999845,0,0,-0.00799561,133
0.0960387,0.000174938,0.0130817,-0.00219158,0.0128884,2.82482e-05,0.999915,0,0,-0.00799561,134
-0.0249545,0.00897689,-0.0194063,-0.00248697,0.0117667,2.92656e-05,0.999928,0,0,-0.00799561,135
0.0612039,0.043665,-0.0373199,-0.00146367,0.0047448,6.94492e-06,0.999988,0,0,-0.00799561,136
-0.00105313,0.0217296,-0.00950591,-0.000219958,-0.00154355,-3.39517e-07,0.999999,0,0,-0.026001,137
0.219043,0.03314,-0.0178016,0.002353,-0.0186631,4.3922e-05,0.999823,0,0,-0.026001,138
-0.0772403,0.0125095,-0.017769,0.00412734,-0.0262181,0.000108249,0.999648,0,0,-0.026001,139
-0.164623,-0.0376351,-0.014127,0.0042245,-0.029554,0.000124906,0.999554,0,0,-0.026001,140
-0.0705735,-0.0234293,-0.00493316,0.00488877,-0.0330151,0.000161493,0.999443,0,0,-0.0250244,141
0,0,0,0.00652527,-0.0348485,0.000227539,0.999371,0,0,-0.0250244,142
-0.156958,-0.0408192,-0.000547173,0.00539458,-0.0283071,0.000152769,0.999585,0,0,-0.0250244,143
0.0170076,-0.00557786,0.00338127,0.00479501,-0.0255813,0.000122704,0.999661,0,0,-0.0229797,144
0.0510089,0.00305906,0.00298679,0.00441401,-0.0228641,0.00010095,0.999729,0,0,-0.0229797,145
0.0578131,0.0020087,0.00281391,0.00381792,-0.0200086,7.64072e-05,0.999793,0,0,-0.0229797,146
-0.153511,-0.0301033,0.0190102,0.000521265,-0.00263695,1.37455e-06,0.999996,0,0,-0.0229797,147
0.182298,0.0730488,0.000158703,1.03615e-05,-0.000224634,2.32754e-09,1,0,0,-0.0240173,148
0.0146343,0.045393,0.00887122,0.000365732,0.00713218,-2.60853e-06,0.999974,0,0,-0.0240173,149
-0.208814,-0.0421873,-0.000550433,6.79532e-05,0.00870968,-5.91874e-07,0.999962,0,0,-0.0240173,150
0.27933,0.0208537,-0.000460714,0.000157509,0.00983095,-1.54854e-06,0.999952,0,0,-0.0240173,151
0.00331484,0.0348299,0.00849329,0.00168876,0.0127175,-2.14787e-05,0.999918,0,0.0625,-0.0140076,152
0.0937748,-0.00841667,0.000225245,0.00191394,0.0122784,-2.35021e-05,0.999923,0,0.0625,-0.0140076,153
0.116268,-0.0145232,0.000691842,0.00258839,0.0107937,-2.794e-05,0.999938,0,0.0625,-0.0140076,154
-0.00134544,0.0280714,-0.000244049,0.00361514,0.0110067,-3.97933e-05,0.999933,0,0.0625,-0.0140076,155
0.028976,0.00349257,-0.0196439,0.00464066,0.00984117,-4.56722e-05,0.999941,0,0,-0.0159912,156
0.0426776,-0.00992404,1.61254e-06,0.00512606,0.00959348,-4.91797e-05,0.999941,0,0,-0.0159912,157
0.0372354,-0.00714957,-0.00978649,0.00599648,0.00853165,-5.11627e-05,0.999946,0,0,-0.0159912,158
0.0626415,-0.0208194,-0.00908698,0.00667299,0.00479123,-3.19729e-05,0.999966,0,0,-0.0159912,159
0.0434693,-0.026999,0.000519356,0.00633346,0.00196225,-1.24281e-05,0.999978,0,0,-0.00900269,160
0.0553501,0.0267863,-0.0101357,0.00678741,-0.00201895,1.37038e-05,0.999975,0,0,-0.00900269,161
0,0,0,0.00635427,-0.00606066,3.85126e-05,0.999961,0,0,-0.00900269,162
0.0348654,-0.0272094,-0.0102861,0.00547345,-0.007761,4.24813e-05,0.999955,0,0,-0.00900269,163
-0.0356827,-0.00812173,0.0101698,0.00448643,-0.00788997,3.53992e-05,0.999959,0,0,-0.00900269,164
0.00786272,-0.000610472,0.00998145,0.00362859,-0.00836594,3.03578e-05,0.999958,0,0,-0.00900269,165
0.0242574,0.00494803,0.0103684,0.00278876,-0.00765784,2.13566e-05,0.999967,0,0.0625,0.0110168,166
-0.0549749,0.0761094,-0.00930585,0.00448871,-0.00385788,1.73172e-05,0.999982,0,0.0625,0.0110168,167
0.168064,-0.0037086,0.00946147,0.00757441,-0.00141655,1.07298e-05,0.99997,0,0.0625,0.0110168,168
0.0734555,0.0030941,-0.000630706,0.00920241,-0.00179797,1.65464e-05,0.999956,0,0,0.0130005,169
0.0636863,-0.0211621,-0.000496395,0.0101589,-0.00267851,2.72123e-05,0.999945,0,0,0.0130005,170
0.0629299,-0.00193723,-0.00107109,0.0117869,-0.0044624,5.2602e-05,0.999921,0,0,0.0130005,171
0.0678873,-0.0215431,-0.0105263,0.0116084,-0.00693231,8.04807e-05,0.999909,0,0,0.0130005,172
0.109211,-0.0611573,0.00946095,0.0102914,-0.0100566,0.000103508,0.999896,0,0,0.0149841,173
-0.00942586,-0.0279751,-0.00977356,0.00870603,-0.011008,9.58454e-05,0.999902,0,0,0.0149841,174
-0.0364011,0.0194971,0.00036494,0.00765959,-0.0110351,8.4532e-05,0.99991,0,0,0.0149841,175
0.0564563,0.0245155,0.0110947,0.00624026,-0.00958207,5.97985e-05,0.999935,0,0.0625,0.0130005,176
-0.101095,-0.0918123,0.0106449,0.00509127,-0.00869322,4.42617e-05,0.999949,0,0.0625,0.0130005,177
0.153574,0.0871839,-0.00968497,0.00444873,-0.00821759,3.65594e-05,0.999956,0,0.0625,0.0130005,178
0.080786,0.0390799,0.00986534,0.00519445,-0.00814596,4.23158e-05,0.999953,0,0.0625,0.0130005,179
0.0306854,0.0436965,0.0196998,0.00813516,-0.00636501,5.17831e-05,0.999947,0,0.0625,0.0130005,180
-0.0288342,0.0372199,-0.000813286,0.0117374,-0.00237245,2.78483e-05,0.999928,0,0,0.0230103,181
0,0,0,0.015913,0.000871824,-1.38751e-05,0.999873,0,0,0.0230103,182
0.0906352,-0.0217376,-0.000480921,0.0166027,0.000231546,-3.84483e-06,0.999862,-0.03125,0,0.0140076,183
-0.00737344,-0.0258111,0.0195475,0.0169678,0.00277852,-4.71525e-05,0.999852,-0.03125,0,0.0140076,184
0.0163704,-0.0295716,0.0197687,0.0169011,0.0044588,-7.537e-05,0.999847,-0.03125,0,0.0140076,185
0.0257316,-0.0298089,0.00985278,0.0159095,0.00766621,-0.000121984,0.999844,-0.03125,0,0.0140076,186
0.0673379,-0.0303608,-0.0100467,0.0133161,0.011702,-0.000155849,0.999843,0,0.0625,0.0119934,187
0.182264,0.00422388,2.49255e-05,0.00981002,0.0147274,-0.000144499,0.999843,0,0.0625,0.0119934,188
0.103121,0.055876,0.019987,0.00981002,0.0147274,-0.000144499,0.999843,0,0.0625,0.0119934,189
-0.149947,-0.0926241,-0.00117979,0.00857403,0.0171061,-0.000146695,0.999817,0,0,0.00698853,190
0.169928,0.0692935,0.00895245,0.00715017,0.0190186,-0.000136015,0.999794,0,0,0.00698853,191
0.0934161,0.0163752,-0.000636921,0.00563551,0.0202401,-0.000114088,0.999779,0,0,0.00698853,192
0.0643733,0.026679,-0.0108625,0.00467687,0.0215894,-0.000100995,0.999756,0,0,0.00698853,193
-0.125984,-0.0853471,0.0283509,0.00338668,0.0232746,-7.88453e-05,0.999723,0,0.0625,0.0110168,194
0.2938,0.11221,0.0203,0.00435061,0.0227995,-9.92184e-05,0.999731,0,0.0625,0.0110168,195
0.133081,-0.0268298,-0.00869513,0.00403251,0.0215534,-8.6935e-05,0.99976,0,0.0625,0.0110168,196
-0.111961,0.0288441,-0.0107309,0.00403251,0.0215534,-8.6935e-05,0.99976,0,0.0625,0.0110168,197
0.213815,-0.00831753,0.00324136,0.00457928,0.0186501,-8.54198e-05,0.999816,0,0,0.0159912,198
0.00422453,0.0095321,0,0.00457928,0.0186501,-8.54198e-05,0.999816,0,0,0.0159912,199
0.10265,-0.0117122,0.00338903,0.00455388,0.0140079,-6.37972e-05,0.999892,0,0,0.0159912,200
0.0162314,0.00839391,-0.0196293,0.00481697,0.0133225,-6.41804e-05,0.9999,0,0,0.0159912,201
0,0,0,0.00593192,0.00488066,-2.89526e-05,0.99997,0,0,0.0119934,202
0.00359473,-0.0229108,0.0102253,0.00627412,0.00307192,-1.92741e-05,0.999976,0,0,0.0119934,203
-0.00948012,-0.0212832,-0.00108621,0.00627412,0.00307192,-1.92741e-05,0.999976,0,0,0.0119934,204
0.0499898,0.0198042,0.00127754,0.0062125,0.00126924,-7.88529e-06,0.99998,0,0.0625,0.00799561,205
0.0459481,-0.0148948,0.0298733,0.00668166,0.0010777,-7.20098e-06,0.999977,0,0.0625,0.00799561,206
0.0706553,-0.0238356,0.000136392,0.00589965,0.00221118,-1.30455e-05,0.99998,0,0.0625,0.00799561,207
-0.348928,0.0106204,-0.0137529,0.0057369,0.0132326,-7.59221e-05,0.999896,-0.03125,0,0.00900269,208
0.0720587,-0.0138276,-0.000589714,0.00549289,0.0142929,-7.85185e-05,0.999883,-0.03125,0,0.00900269,209
0.260283,0.0240965,-0.00522598,0.00549289,0.0142929,-7.85185e-05,0.999883,-0.03125,0,0.00900269,210
-0.274909,-0.0213658,-0.00522352,0.00549289,0.0142929,-7.85185e-05,0.999883,-0.03125,0,0.00900269,211
0.302582,-0.0955767,0.0117911,0.000645127,0.0131864,-8.50762e-06,0.999913,-0.03125,0,0.00900269,212
0.299013,0.0848187,-0.00355992,-0.000434921,0.0126295,5.49327e-06,0.99992,-0.03125,0,0.00900269,213
-0.288498,-0.126954,0.0135813,-0.00137801,0.013088,1.80369e-05,0.999913,-0.03125,0,0.00900269,214
0.270783,0.0960484,0,-0.00137801,0.013088,1.80369e-05,0.999913,-0.03125,0,0.00900269,215
-0.0396076,-0.112989,-0.016549,-0.000699692,0.00425458,2.97693e-06,0.999991,-0.03125,0,0.00900269,216
0.487033,0.139154,-0.000172045,0.000290185,-0.0051214,1.48617e-06,0.999987,-0.03125,0,0.00900269,217
-0.305424,-0.147296,-0.000586223,0.000290185,-0.0051214,1.48617e-06,0.999987,-0.03125,0,0.00900269,218
0.521967,0.229786,-0.0238171,0.00475314,-0.014205,6.75258e-05,0.999888,-0.03125,0,0.00900269,219
-0.294672,-0.0750051,-0.0061625,0.00558283,-0.0156859,8.75838e-05,0.999861,-0.03125,0,0.00900269,220
0.397587,0.196523,0.00119142,0.0106823,-0.0182697,0.000195206,0.999776,0,0.0625,0.0510254,221
0,0,0,0.0106823,-0.0182697,0.000195206,0.999776,0,0.0625,0.0510254,222
-0.043904,-0.135897,0.0293462,0.00403703,-0.00342089,1.38104e-05,0.999986,0,0.0625,0.0109863,223
-0.313674,-0.0459282,-0.000624368,0.00403703,-0.00342089,1.38104e-05,0.999986,0,0.0625,0.0109863,224
-0.21054,-0.0875828,0.0801279,0.0013461,0.00693177,-9.33106e-06,0.999975,0,0.0625,0.0109863,225
-0.25791,-0.0967192,-0.00723963,-0.000630078,0.0179435,1.13076e-05,0.999839,0,0.0625,0.0109863,226
0.105142,0.0975165,-0.00723496,-0.000630078,0.0179435,1.13076e-05,0.999839,0,0.0625,0.0109863,227
-1.18493,-0.100042,0.0587722,-0.00620976,0.0771827,0.00048073,0.996998,0,0.0625,0.0109863,228
-0.135528,0.0615165,-0.135182,-0.00620976,0.0771827,0.00048073,0.996998,0,0.0625,0.0109863,229
0.143204,-1.17453e-05,0.174647,-0.00618238,0.0851519,0.000528371,0.996349,0,0.0625,0.0109863,230
-0.522156,0.029107,-0.177261,-0.00414121,0.0884165,0.000367594,0.996075,0,0.0625,0.0109863,231
0.214692,-0.23278,0.160962,-0.00264124,0.0844591,0.000223878,0.996423,0,0.0625,0.0109863,232
0.185389,0.0635897,-0.161319,-0.00264124,0.0844591,0.000223878,0.996423,0,0.0625,0.0109863,233
-0.24734,0.121405,-0.159015,-0.00264124,0.0844591,0.000223878,0.996423,0,0.0625,0.0109863,234
0.956926,0.0137191,0.227026,0.00504322,0.0542718,-0.000274113,0.998513,-0.03125,0.0625,0.0220032,235
-0.112423,-0.100915,-0.0665655,0.00504322,0.0542718,-0.000274113,0.998513,-0.03125,0.0625,0.0220032,236
0.979305,0.216359,0.0324699,0.0110093,0.0193239,-0.000212796,0.999753,-0.03125,0.0625,0.0220032,237
0.229903,0.11619,-0.00512786,0.0137258,0.00641568,-8.80706e-05,0.999885,-0.03125,0.0625,0.0220032,238
0.295324,0.00952574,-0.0280324,0.0185402,-0.0171447,0.000317966,0.999681,0,0,0.0100098,239
0.231068,0.286061,-0.0186896,0.0181563,-0.0225725,0.000410005,0.99958,0,0,0.0100098,240
-0.0725521,-0.110769,-0.0186582,0.0181563,-0.0225725,0.000410005,0.99958,0,0,0.0100098,241
0,0,0,0.00528315,-0.0517482,0.000273764,0.998646,0,0,0.0100098,242
0.0538444,-0.023545,-0.0600664,0.00528315,-0.0517482,0.000273764,0.998646,0,0,0.0100098,243
-0.00472673,-0.0995715,-0.0597413,0.00528315,-0.0517482,0.000273764,0.998646,0,0,0.0100098,244
-0.560214,-0.222855,0.189681,-0.00529156,-0.0210344,-0.000111331,0.999765,0,0.0625,0.0319824,245
-0.0237761,-0.175937,-0.0105093,-0.00529156,-0.0210344,-0.000111331,0.999765,0,0.0625,0.0319824,246
-0.542181,-0.279279,0.0572744,-0.0127843,0.00196284,2.50957e-05,0.999916,0,0.0625,0.0319824,247
-0.177402,-0.142198,-0.00375278,-0.0127843,0.00196284,2.50957e-05,0.999916,0,0.0625,0.0319824,248
-0.703793,-0.0845749,0.041479,-0.0145984,0.0306688,0.000447975,0.999423,0,0,0.00201416,249
0.125725,0.042299,-0.0259672,-0.0145984,0.0306688,0.000447975,0.999423,0,0,0.00201416,250
-0.239213,0.164165,0.0299268,-0.00584778,0.042746,0.000250202,0.999069,0,0,0.00201416,251
0.0763482,-0.0892221,0.0107991,-0.00467036,0.0424576,0.000198473,0.999087,0,0,0.00201416,252
-0.170835,0.219365,-0.0411186,-0.00467036,0.0424576,0.000198473,0.999087,0,0,0.00201416,253
0.183288,-0.035239,0.00644384,0.00110489,0.0399176,-4.41398e-05,0.999202,0,0,0.00201416,254
-0.195851,0.229344,-0.0330145,0.00298771,0.0382161,-0.000114263,0.999265,0,0,0.00201416,255
0.35738,-0.0340293,0.039534,0.00982034,0.0276785,-0.00027193,0.999569,0,0,0.00201416,256
-0.093595,-0.21545,-0.0289357,0.0104801,0.0266007,-0.000278892,0.999591,0,0.0625,-0.0110168,257
0.108392,0.241421,-0.0183295,0.0104801,0.0266007,-0.000278892,0.999591,0,0.0625,-0.0110168,258
-0.020767,-0.265375,0.023306,0.0139064,0.0200617,-0.000279068,0.999702,0,0.0625,-0.0110168,259
0.22642,0.289798,-0.0121628,0.0144418,0.018265,-0.000263851,0.999729,0,0.0625,-0.0110168,260
-0.122878,-0.311538,0.0067124,0.0142626,0.0137932,-0.000196766,0.999803,0,0,0.0140076,261
0,0,0,0.00747536,0.0122751,-9.17703e-05,0.999897,0,0,0.0140076,262
0.0557026,-0.101866,-0.0046374,0.00747536,0.0122751,-9.17703e-05,0.999897,0,0,0.0140076,263
0.104377,0.130502,0.0347506,0.0064247,0.0126387,-8.12083e-05,0.999899,0,0,0.0140076,264
-0.107462,-0.163762,-0.00452503,0.0064247,0.0126387,-8.12083e-05,0.999899,0,0,0.0140076,265
0.0124386,0.0829894,-0.00650098,0.00268524,0.0167838,-4.50752e-05,0.999856,0,0,0.0140076,266
0.156115,0.0547196,0.00882295,0.00235844,0.0171254,-4.03952e-05,0.999851,0,0.0625,0.0310059,267
-0.180662,-0.0996749,-0.0072248,0.000711322,0.0179026,-1.27366e-05,0.999839,0,0.0625,0.0310059,268
0.160966,0.0670781,-0.00722017,0.000711322,0.0179026,-1.27366e-05,0.999839,0,0.0625,0.0310059,269
-0.163227,-0.0624792,-0.00721553,0.000711322,0.0179026,-1.27366e-05,0.999839,0,0.0625,0.0310059,270
0.169266,0.0517849,0.0411479,0.000711322,0.0179026,-1.27366e-05,0.999839,0,0.0625,0.0310059,271
0.264001,-0.134342,-0.0223173,-0.0255827,0.014604,0.000373772,0.999566,0,0.0625,0.0310059,272
-0.18279,-0.45449,-0.0195251,-0.0255827,0.014604,0.000373772,0.999566,0,0.0625,0.0310059,273
0.184648,0.471929,-0.0194912,-0.0255827,0.014604,0.000373772,0.999566,0,0.0625,0.0310059,274
-0.191502,-0.470386,-0.0194574,-0.0255827,0.014604,0.000373772,0.999566,0,0.0625,0.0310059,275
0.224261,0.503694,0.0857572,-0.02573,0.0179901,0.000463115,0.999507,0,0.0625,0.0310059,276
-0.19617,-0.514971,-0.0222324,-0.02573,0.0179901,0.000463115,0.999507,0,0.0625,0.0310059,277
0.29726,0.560387,-0.0221886,-0.02573,0.0179901,0.000463115,0.999507,0,0.0625,0.0310059,278
-0.29067,-0.565678,-0.0221449,-0.02573,0.0179901,0.000463115,0.999507,0,0.0625,0.0310059,279
0.294736,0.600763,-0.0221012,-0.02573,0.0179901,0.000463115,0.999507,0,0.0625,0.0310059,280
0.227114,-0.00300213,0.0822634,-0.00378714,0.0192456,7.28998e-05,0.999808,0,0.0625,0.0310059,281
0,0,0,-0.00378714,0.0192456,7.28998e-05,0.999808,0,0.0625,0.0310059,282
0.232785,-0.45081,-0.00866626,-0.00378714,0.0192456,7.28998e-05,0.999808,0,0.0625,0.0310059,283
-0.36691,0.496838,0.0306333,-0.00384261,0.0258076,9.92022e-05,0.99966,0,0.0625,0.0310059,284
0.301421,-0.534088,0.0182603,-0.00395792,0.0272175,0.000107765,0.999622,0.03125,0.0625,0.0679932,285
-0.376673,0.399341,-0.0171003,-0.00395792,0.0272175,0.000107765,0.999622,0.03125,0.0625,0.0679932,286
0.494723,-0.461844,-0.0170744,-0.00395792,0.0272175,0.000107765,0.999622,0.03125,0.0625,0.0679932,287
-0.493325,0.510775,-0.0170486,-0.00395792,0.0272175,0.000107765,0.999622,0.03125,0.0625,0.0679932,288
0.666875,-0.260717,0.0101462,0.0061045,0.0180727,-0.000110345,0.999818,0.03125,0.0625,0.0679932,289
0.271578,-0.208311,0.00319536,0.00872303,0.0120844,-0.000105424,0.999889,0.03125,0.0625,0.0679932,290
-0.136409,0.273371,-0.00500443,0.00872303,0.0120844,-0.000105424,0.999889,0.03125,0.0625,0.0679932,291
0.13296,-0.26901,-0.00500221,0.00872303,0.0120844,-0.000105424,0.999889,0.03125,0.0625,0.0679932,292
-0.137807,0.27484,-0.00499998,0.00872303,0.0120844,-0.000105424,0.999889,0.03125,0.0625,0.0679932,293
0.133573,-0.27121,-0.004984,0.00872303,0.0120844,-0.000105424,0.999889,0.03125,0.0625,0.0679932,294
-0.0587103,-0.280468,-0.00545943,0.00443184,0.000828659,-3.67252e-06,0.99999,0.03125,0.0625,0.0679932,295
0.330043,0.160863,-0.000456952,0.00443184,0.000828659,-3.67252e-06,0.99999,0.03125,0.0625,0.0679932,296
-0.329711,-0.186318,-0.000456933,0.00443184,0.000828659,-3.67252e-06,0.99999,0.03125,0.0625,0.0679932,297
0.330104,0.186154,-0.000456914,0.00443184,0.000828659,-3.67252e-06,0.99999,0.03125,0.0625,0.0679932,298
-0.32909,-0.183674,0.0113706,0.00443184,0.000828659,-3.67252e-06,0.99999,0.03125,0.0625,0.0679932,299
0.094025,0.0974106,0.000243047,-0.00272083,0.00145699,3.96425e-06,0.999995,0.03125,0.0625,0.0679932,300
-0.105384,-0.259862,-0.000214325,-0.00272083,0.00145699,3.96425e-06,0.999995,0.03125,0.0625,0.0679932,301
0,0,0,-0.00272083,0.00145699,3.96425e-06,0.999995,0.03125,0.0625,0.0679932,302
-0.100575,-0.263361,0.0204278,-0.00272083,0.00145699,3.96425e-06,0.999995,0.03125,0.0625,0.0679932,303
-0.0138412,0.106871,0.0135306,0.00298163,0.0169455,-5.05326e-05,0.999852,0.03125,0.0625,0.0679932,304
-0.362015,0.0359321,-0.00668061,0.00298163,0.0169455,-5.05326e-05,0.999852,0.03125,0.0625,0.0679932,305
0.368487,-0.0110171,-0.00667665,0.00298163,0.0169455,-5.05326e-05,0.999852,0.03125,0.0625,0.0679932,306
-0.40103,0.0424401,-0.0066727,0.00298163,0.0169455,-5.05326e-05,0.999852,0.03125,0.0625,0.0679932,307
0.516074,-0.140814,0.0532003,-0.00160478,0.0123562,1.98305e-05,0.999922,0.03125,0.125,0.0239868,308
0.190025,-0.0455463,5.76736e-05,-0.00130196,0.0122886,1.60004e-05,0.999924,0.03125,0.125,0.0239868,309
-0.189295,0.0535627,-0.00345616,-0.00130196,0.0122886,1.60004e-05,0.999924,0.03125,0.125,0.0239868,310
0.187662,-0.0511484,-0.0034551,-0.00130196,0.0122886,1.60004e-05,0.999924,0.03125,0.125,0.0239868,311
-0.189179,0.0535308,-0.00345405,-0.00130196,0.0122886,1.60004e-05,0.999924,0.03125,0.125,0.0239868,312
0.310582,0.335702,-0.0719066,0.0147721,0.00604982,-8.93796e-05,0.999873,0.03125,0.125,0.0239868,313
0.000567679,-0.356497,0.00818866,0.0160826,0.00874362,-0.000140644,0.999832,0.03125,0.125,0.0239868,314
0.0227519,0.43762,-0.00753473,0.0160826,0.00874362,-0.000140644,0.999832,0.03125,0.125,0.0239868,315
-0.0494857,-0.464295,-0.00752968,0.0160826,0.00874362,-0.000140644,0.999832,0.03125,0.125,0.0239868,316
0.0551589,0.475741,-0.00752463,0.0160826,0.00874362,-0.000140644,0.999832,0.03125,0.125,0.0239868,317
-0.218309,-0.585027,0.0406399,0.0116287,0.0169037,-0.000196609,0.999789,0.03125,0.125,0.0239868,318
0.406577,-0.196505,0.00117783,0.00901352,0.0169547,-0.00015285,0.999816,0.03125,0.125,0.0239868,319
-0.430526,0.129178,-0.00830451,0.00901352,0.0169547,-0.00015285,0.999816,0.03125,0.125,0.0239868,320
0.408576,-0.138368,-0.00829839,0.00901352,0.0169547,-0.00015285,0.999816,0.03125,0.125,0.0239868,321
0,0,0,0.00901352,0.0169547,-0.00015285,0.999816,0.03125,0.125,0.0239868,322
0.307572,-0.565835,0.043555,-0.00824562,0.0189587,0.00015636,0.999786,0.03125,0.125,0.0239868,323
0.205382,0.346407,0,-0.00824562,0.0189587,0.00015636,0.999786,0.03125,0.125,0.0239868,324
-0.174572,-0.307551,-0.00964297,-0.00824562,0.0189587,0.00015636,0.999786,0.03125,0.125,0.0239868,325
0.225767,0.3564,-0.00963473,-0.00824562,0.0189587,0.00015636,0.999786,0.03125,0.125,0.0239868,326
-0.230916,-0.356082,-0.00962649,-0.00824562,0.0189587,0.00015636,0.999786,0.03125,0.125,0.0239868,327
-0.0426271,0.146255,0.0424663,-0.0181598,0.028681,0.00052114,0.999424,0.03125,0.125,0.0239868,328
-0.205692,-0.357141,-0.0260296,-0.0181598,0.028681,0.00052114,0.999424,0.03125,0.125,0.0239868,329
0.245652,0.418071,-0.0259697,-0.0181598,0.028681,0.00052114,0.999424,0.03125,0.125,0.0239868,330
-0.305286,-0.448217,-0.0259098,-0.0181598,0.028681,0.00052114,0.999424,0.03125,0.125,0.0239868,331
0.323846,0.435334,0.0779091,-0.0181598,0.028681,0.00052114,0.999424,0.03125,0.0625,0.0200195,332
0.151246,0.0283879,-0.0115369,-0.0274577,0.0216194,0.000593983,0.999389,0.03125,0.0625,0.0200195,333
0.000784141,-0.22023,-0.0275589,-0.0274577,0.0216194,0.000593983,0.999389,0.03125,0.0625,0.0200195,334
-0.01668,0.239463,-0.0274916,-0.0274577,0.0216194,0.000593983,0.999389,0.03125,0.0625,0.0200195,335
0.000698781,-0.218435,-0.0274244,-0.0274577,0.0216194,0.000593983,0.999389,0.03125,0.0625,0.0200195,336
-0.0168305,0.238052,-0.0273575,-0.0274577,0.0216194,0.000593983,0.999389,0.03125,0.0625,0.0200195,337
0.259672,0.0210664,0.0689973,0.000891753,0.0193715,-1.72779e-05,0.999812,0.03125,0.0625,0.0200195,338
-0.116035,0.666263,-0.00845478,0.000891753,0.0193715,-1.72779e-05,0.999812,0.03125,0.0625,0.0200195,339
0.126274,-0.682756,-0.00844842,0.000891753,0.0193715,-1.72779e-05,0.999812,0.03125,0.0625,0.0200195,340
-0.121851,0.687445,-0.00844207,0.000891753,0.0193715,-1.72779e-05,0.999812,0.03125,0.0625,0.0200195,341
0,0,0,-0.00819544,0.0165555,0.000135703,0.999829,0.03125,0.0625,0.0200195,342
-0.219974,0.588557,-0.00767288,-0.00819544,0.0165555,0.000135703,0.999829,0.03125,0.0625,0.0200195,343
0.201576,-0.629219,-0.00766764,-0.00819544,0.0165555,0.000135703,0.999829,0.03125,0.0625,0.0200195,344
-0.056708,0.51093,0.0347261,-0.0147001,0.0123203,0.000181143,0.999816,0.03125,0.0625,0.0200195,345
0.199069,-0.584351,-0.00828599,-0.0147001,0.0123203,0.000181143,0.999816,0,0.0625,0.0289917,346
-0.218638,0.642103,-0.00827989,-0.0147001,0.0123203,0.000181143,0.999816,0,0.0625,0.0289917,347
0.20145,-0.635378,-0.0082738,-0.0147001,0.0123203,0.000181143,0.999816,0,0.0625,0.0289917,348
-0.20152,0.660419,-0.00826771,-0.0147001,0.0123203,0.000181143,0.999816,0,0.0625,0.0289917,349
0.295354,-0.678417,0.0866594,-0.00978209,0.0106643,0.00010433,0.999895,0.03125,0.0625,0.00698853,350
-0.235786,0.77959,-0.0047392,-0.00978209,0.0106643,0.00010433,0.999895,0.03125,0.0625,0.00698853,351
0.26846,-0.741153,-0.00473721,-0.00978209,0.0106643,0.00010433,0.999895,0.03125,0.0625,0.00698853,352
-0.263571,0.767213,-0.00473523,-0.00978209,0.0106643,0.00010433,0.999895,0.03125,0.0625,0.00698853,353
0.250309,-0.743842,-0.0357686,-0.00978209,0.0106643,0.00010433,0.999895,0.03125,0.0625,0.00698853,354
0.202993,-0.250107,0.00438583,-0.00060542,0.0038039,2.30298e-06,0.999993,0.03125,0.0625,0.00698853,355
-0.0604917,0.4298,-0.000334398,-0.00060542,0.0038039,2.30298e-06,0.999993,0.03125,0.0625,0.00698853,356
0.0480362,-0.441316,-0.000334388,-0.00060542,0.0038039,2.30298e-06,0.999993,0.03125,0.0625,0.00698853,357
-0.0474028,0.451137,-0.000334378,-0.00060542,0.0038039,2.30298e-06,0.999993,0.03125,0.0625,0.00698853,358
0.0470398,-0.448423,-0.000334369,-0.00060542,0.0038039,2.30298e-06,0.999993,0.03125,0.0625,0.00698853,359
0.0464723,-0.127865,0.0196783,-0.0059224,0.0072965,4.32147e-05,0.999956,0.03125,0.0625,0.00698853,360
-0.11946,0.00562354,-0.00199377,-0.0059224,0.0072965,4.32147e-05,0.999956,0.03125,0.0625,0.00698853,361
0,0,0,-0.0059224,0.0072965,4.32147e-05,0.999956,0.03125,0.0625,0.00698853,362
-0.106146,-0.015025,0.0339826,-0.0059224,0.0072965,4.32147e-05,0.999956,0.03125,0.0625,0.00698853,363
0.184666,-0.25329,-0.00489715,-0.0116636,0.0129838,0.000151461,0.999848,0.03125,0.0625,0.00698853,364
-0.328051,0.103568,-0.00689237,-0.0116636,0.0129838,0.000151461,0.999848,0.03125,0.0625,0.00698853,365
0.364629,-0.0549682,-0.00688817,-0.0116636,0.0129838,0.000151461,0.999848,0.03125,0.0625,0.00698853,366
-0.378537,0.0822424,-0.00688397,-0.0116636,0.0129838,0.000151461,0.999848,0.03125,0.0625,0.00698853,367
0.258538,-0.217809,0.0425709,-0.0172574,0.0190403,0.000328694,0.99967,0.03125,0.0625,0.0270081,368
0.325912,0.00663336,0.00995398,-0.016984,0.0193222,0.000328277,0.999669,0.03125,0.0625,0.0270081,369
-0.329326,0.0143286,-0.0150163,-0.016984,0.0193222,0.000328277,0.999669,0.03125,0.0625,0.0270081,370
0.332335,-0.00393447,-0.0149964,-0.016984,0.0193222,0.000328277,0.999669,0.03125,0.0625,0.0270081,371
-0.241534,0.0765275,0.0355296,-0.0133074,0.015553,0.000207013,0.99979,0.03125,0,0.0130005,372
0.517097,-0.247952,-0.00673648,-0.0127742,0.0106016,0.000135446,0.999862,0.03125,0,0.0130005,373
-0.404279,0.27763,-0.00625208,-0.0127742,0.0106016,0.000135446,0.999862,0.03125,0,0.0130005,374
0.413973,-0.27138,-0.00624863,-0.0127742,0.0106016,0.000135446,0.999862,0.03125,0,0.0130005,375
-0.406032,0.291513,-0.00624519,-0.0127742,0.0106016,0.000135446,0.999862,0.03125,0,0.0130005,376
0.42265,-0.285764,0.0187459,-0.0127742,0.0106016,0.000135446,0.999862,0.03125,0,0.0130005,377
-0.042398,-0.161686,0.00185497,-0.0118343,0.00733523,8.6816e-05,0.999903,0.03125,0,0.0130005,378
0.115167,0.183921,-0.00439885,-0.0118343,0.00733523,8.6816e-05,0.999903,0.03125,0,0.0130005,379
-0.11807,-0.179934,-0.00439714,-0.0118343,0.00733523,8.6816e-05,0.999903,0.03125,0,0.0130005,380
0.115077,0.183779,-0.00439544,-0.0118343,0.00733523,8.6816e-05,0.999903,0.03125,0,0.0130005,381
0,0,0,-0.0229406,0.015189,0.000348577,0.999621,0.03125,0,0.0130005,382
-0.279256,0.306166,-0.0172178,-0.0229406,0.015189,0.000348577,0.999621,0.03125,0,0.0130005,383
0.269705,-0.284717,-0.0171917,-0.0229406,0.015189,0.000348577,0.999621,0.03125,0,0.0130005,384
-0.280377,0.307248,-0.0171657,-0.0229406,0.015189,0.000348577,0.999621,0.03125,0,0.0130005,385
0.270317,-0.29125,-0.0171397,-0.0229406,0.015189,0.000348577,0.999621,0.03125,0,0.0130005,386
-0.301996,0.240024,0.0859878,-0.023915,0.0174129,0.000416612,0.999562,0.03125,0,0.0130005,387
0.374295,-0.221748,-0.0101937,-0.0229912,0.0188625,0.000433864,0.999558,0.03125,0,0.0130005,388
-0.345313,0.292057,-0.0201284,-0.0229912,0.0188625,0.000433864,0.999558,0.03125,0,0.0130005,389
0.408891,-0.237045,-0.0200928,-0.0229912,0.0188625,0.000433864,0.999558,0.03125,0,0.0130005,390
-0.410504,0.255094,-0.0200573,-0.0229912,0.0188625,0.000433864,0.999558,0.03125,0,0.0130005,391
0.458137,-0.275815,0.0702611,-0.0229912,0.0188625,0.000433864,0.999558,0.03125,0.125,0.0360107,392
0.240571,-0.285274,-0.00267299,-0.0221402,0.0226127,0.000500902,0.999499,0.03125,0.125,0.0360107,393
-0.329728,0.315073,-0.022809,-0.0221402,0.0226127,0.000500902,0.999499,0.03125,0.125,0.0360107,394
0.325865,-0.294845,-0.0227633,-0.0221402,0.0226127,0.000500902,0.999499,0.03125,0.125,0.0360107,395
-0.336265,0.315414,-0.0227177,-0.0221402,0.0226127,0.000500902,0.999499,0.03125,0.125,0.0360107,396
0.359289,-0.341728,0.0782703,-0.0221402,0.0226127,0.000500902,0.999499,0.03125,0.125,0.0360107,397
0.162249,-0.197058,0.01125,-0.0166779,0.0258415,0.000431185,0.999527,0.03125,0.125,0.0360107,398
-0.245712,0.320344,-0.0215831,-0.0166779,0.0258415,0.000431185,0.999527,0.03125,0.125,0.0360107,399
0.231041,-0.304355,-0.0215423,-0.0166779,0.0258415,0.000431185,0.999527,0.03125,0.125,0.0360107,400
-0.386235,0.599484,0.0600683,-0.0028945,0.032702,9.47071e-05,0.999461,0.03125,0.125,0.0360107,401
0,0,0,-0.00311677,0.0328552,0.000102458,0.999455,0.03125,0.125,0.0360107,402
-0.274301,0.623753,-0.0248662,-0.00311677,0.0328552,0.000102458,0.999455,0.03125,0.125,0.0360107,403
0.419087,-0.539974,-0.024812,-0.00311677,0.0328552,0.000102458,0.999455,0.03125,0.125,0.0360107,404
-0.427628,0.642406,-0.0247579,-0.00311677,0.0328552,0.000102458,0.999455,0.03125,0.125,0.0360107,405
0.694819,-0.890163,0.0720861,-0.0128375,0.0243038,0.000312118,0.999622,0.0625,0.125,0.0279846,406
0.118622,-0.0727848,-0.0172441,-0.0128375,0.0243038,0.000312118,0.999622,0.0625,0.125,0.0279846,407
-0.129802,0.0896434,-0.0172181,-0.0128375,0.0243038,0.000312118,0.999622,0.0625,0.125,0.0279846,408
0.118264,-0.072565,-0.0171921,-0.0128375,0.0243038,0.000312118,0.999622,0.0625,0.125,0.0279846,409
-0.12941,0.0893734,-0.0171661,-0.0128375,0.0243038,0.000312118,0.999622,0.0625,0.125,0.0279846,410
0.117907,-0.0723461,-0.0171401,-0.0128375,0.0243038,0.000312118,0.999622,0.0625,0.125,0.0279846,411
-0.129019,0.0891036,-0.0171142,-0.0128375,0.0243038,0.000312118,0.999622,0.0625,0.125,0.0279846,412
0.394213,-0.174609,0.100899,-0.0147903,0.0139587,0.000206497,0.999793,0.0625,0.125,0.0279846,413
-0.0969846,-0.0876677,-0.00943882,-0.0147903,0.0139587,0.000206497,0.999793,0.0625,0.125,0.0279846,414
0.0902615,0.0970918,-0.00943101,-0.0147903,0.0139587,0.000206497,0.999793,0.0625,0.125,0.0279846,415
-0.0968252,-0.087523,-0.00942321,-0.0147903,0.0139587,0.000206497,0.999793,0.0625,0.125,0.0279846,416
0.0901128,0.0969321,-0.00941541,-0.0147903,0.0139587,0.000206497,0.999793,0.0625,0.125,0.0279846,417
-0.0966659,-0.0873783,-0.00940762,-0.0147903,0.0139587,0.000206497,0.999793,0.0625,0.125,0.0279846,418
0.0899639,0.0967722,-0.00939984,-0.0147903,0.0139587,0.000206497,0.999793,0.0625,0.125,0.0279846,419
-0.400735,0.375922,0.0572664,0.00706645,0.0277108,-0.000195897,0.999591,0.0625,0.125,0.0279846,420
0.409825,-0.755409,-0.0186648,0.00706645,0.0277108,-0.000195897,0.999591,0.0625,0.125,0.0279846,421
0,0,0,0.00706645,0.0277108,-0.000195897,0.999591,0.0625,0.125,0.0279846,422
0.332044,-0.549107,-0.0186038,0.00706645,0.0277108,-0.000195897,0.999591,0.0625,0.125,0.0279846,423
-0.362579,0.743358,-0.0185734,0.00706645,0.0277108,-0.000195897,0.999591,0.0625,0.125,0.0279846,424
-0.184605,0.0511955,0.116272,0.0403771,0.0506409,-0.00204904,0.997898,0.0625,0.125,0.0279846,425
0.481233,-0.706363,-0.00263978,0.0405626,0.0516117,-0.00209803,0.997841,0.0625,0.125,0.0279846,426
-0.421773,0.708672,-0.0986821,0.0405626,0.0516117,-0.00209803,0.997841,0.0625,0.125,0.0279846,427
0.610835,-0.765018,-0.0978317,0.0405626,0.0516117,-0.00209803,0.997841,0.0625,0.125,0.0279846,428
-0.65678,0.948692,-0.0969885,0.0405626,0.0516117,-0.00209803,0.997841,0.0625,0.125,0.0279846,429
0.625942,-0.854168,-0.0961527,0.0405626,0.0516117,-0.00209803,0.997841,0.0625,0.125,0.0279846,430
-0.657626,0.979513,-0.095324,0.0405626,0.0516117,-0.00209803,0.997841,0.0625,0.125,0.0279846,431
0.755836,-1.17577,0.415582,0.0405626,0.0516117,-0.00209803,0.997841,0.0625,0.0625,0.0160217,432
0.333985,-0.403198,0.0588662,0.0193208,0.0370397,-0.000716263,0.999127,0.0625,0.0625,0.0160217,433
0.0552591,-0.110788,-0.0399307,0.0193208,0.0370397,-0.000716263,0.999127,0.0625,0.0625,0.0160217,434
-0.0847379,0.158221,-0.0397913,0.0193208,0.0370397,-0.000716263,0.999127,0.0625,0.0625,0.0160217,435
0.0548719,-0.110017,-0.0396524,0.0193208,0.0370397,-0.000716263,0.999127,0.0625,0.0625,0.0160217,436
-0.0841449,0.157119,-0.039514,0.0193208,0.0370397,-0.000716263,0.999127,0.0625,0.0625,0.0160217,437
0.0544875,-0.109251,-0.0393761,0.0193208,0.0370397,-0.000716263,0.999127,0.0625,0.0625,0.0160217,438
0.1781,-0.320372,0.206453,0.00512421,0.0304566,-0.00015614,0.999523,0.0625,0.0625,0.0160217,439
-0.218405,0.527848,-0.0218398,0.00512421,0.0304566,-0.00015614,0.999523,0.0625,0.0625,0.0160217,440
0.201709,-0.49786,-0.0217982,0.00512421,0.0304566,-0.00015614,0.999523,0.0625,0.0625,0.0160217,441
0,0,0,0.00512421,0.0304566,-0.00015614,0.999523,0.0625,0.0625,0.0160217,442
0.198062,-0.498962,-0.0217151,0.00512421,0.0304566,-0.00015614,0.999523,0.0625,0.0625,0.0160217,443
-0.212579,0.538958,-0.0216737,0.00512421,0.0304566,-0.00015614,0.999523,0.0625,0.0625,0.0160217,444
0.198213,-0.503102,-0.0216323,0.00512421,0.0304566,-0.00015614,0.999523,0.0625,0.0625,0.0160217,445
-0.913609,0.669107,0.226856,0.0165157,0.0618627,-0.00102381,0.997947,0.0625,0.0625,0.0160217,446
0.533179,-0.330987,-0.0946599,0.0165157,0.0618627,-0.00102381,0.997947,0.0625,0.0625,0.0160217,447
-0.546461,0.419014,-0.0938838,0.0165157,0.0618627,-0.00102381,0.997947,0.0625,0.0625,0.0160217,448
0.509361,-0.314891,-0.093114,0.0165157,0.0618627,-0.00102381,0.997947,0.0625,0.0625,0.0160217,449
-0.573571,0.415396,-0.0923505,0.0165157,0.0618627,-0.00102381,0.997947,0.0625,0.0625,0.0160217,450
0.520803,-0.323702,-0.0915932,0.0165157,0.0618627,-0.00102381,0.997947,0.0625,0.0625,0.0160217,451
-0.573624,0.422328,-0.0908422,0.0165157,0.0618627,-0.00102381,0.997947,0.0625,0.0625,0.0160217,452
0.996534,-0.997262,0.524904,0.00346437,0.0495019,-0.000171705,0.998768,0.0625,0.0625,0.0160217,453
-0.295937,0.307847,-0.0567003,0.00346437,0.0495019,-0.000171705,0.998768,0.0625,0.0625,0.0160217,454
0.263905,-0.235285,-0.056421,0.00346437,0.0495019,-0.000171705,0.998768,0.0625,0.0625,0.0160217,455
-0.293006,0.304773,-0.0561432,0.00346437,0.0495019,-0.000171705,0.998768,0.0625,0.0625,0.0160217,456
0.261312,-0.232973,-0.0558667,0.00346437,0.0495019,-0.000171705,0.998768,0.0625,0.0625,0.0160217,457
-0.290128,0.301778,-0.0555915,0.00346437,0.0495019,-0.000171705,0.998768,0.0625,0.0625,0.0160217,458
0.258745,-0.230684,-0.0553177,0.00346437,0.0495019,-0.000171705,0.998768,0.0625,0.0625,0.0160217,459
0.450059,-0.0864956,0.321017,-0.00318915,0.0226121,7.2132e-05,0.999739,0.0625,0.0625,0.0160217,460
-0.654131,0.17169,-0.0118431,-0.0033761,0.0224412,7.57833e-05,0.999742,0.0625,0.0625,0.0160217,461
0,0,0,-0.0033761,0.0224412,7.57833e-05,0.999742,0.0625,0.0625,0.0160217,462
-0.57908,0.170047,-0.0118187,-0.0033761,0.0224412,7.57833e-05,0.999742,0.0625,0.0625,0.0160217,463
0.577598,-0.174416,-0.0118065,-0.0033761,0.0224412,7.57833e-05,0.999742,0.0625,0.0625,0.0160217,464
-0.571072,0.164149,0.0374582,-0.0033761,0.0224412,7.57833e-05,0.999742,0.0625,0.0625,0.0160217,465
-0.219761,0.0374434,0.0125304,-0.00293213,0.019901,5.83641e-05,0.999798,0.0625,0.0625,0.0160217,466
0.274841,-0.0207691,-0.00930743,-0.00293213,0.019901,5.83641e-05,0.999798,0.0625,0.0625,0.0160217,467
-0.284622,0.0374831,-0.0092999,-0.00293213,0.019901,5.83641e-05,0.999798,0.0625,0.0625,0.0160217,468
0.280797,-0.0232303,-0.00929237,-0.00293213,0.019901,5.83641e-05,0.999798,0.0625,0.0625,0.0160217,469
-0.285724,0.0340774,-0.00928485,-0.00293213,0.019901,5.83641e-05,0.999798,0.0625,0.0625,0.0160217,470
0.280344,-0.023192,-0.00927733,-0.00293213,0.019901,5.83641e-05,0.999798,0.0625,0.0625,0.0160217,471
-0.285712,0.0348722,-0.00926983,-0.00293213,0.019901,5.83641e-05,0.999798,0.0625,0.0625,0.0160217,472
0.312921,0.0823992,0.0464954,0.00311212,0.0190289,-5.9231e-05,0.999814,0.0625,0.0625,0.0160217,473
-0.375588,-0.157254,0,0.00311212,0.0190289,-5.9231e-05,0.999814,0.0625,0.0625,0.0160217,474
0.343727,0.152003,-0.00854464,0.00311212,0.0190289,-5.9231e-05,0.999814,0.0625,0.0625,0.0160217,475
-0.385355,-0.161875,-0.00853829,0.00311212,0.0190289,-5.9231e-05,0.999814,0.0625,0.0625,0.0160217,476
0.386289,0.165412,-0.00853194,0.00311212,0.0190289,-5.9231e-05,0.999814,0.0625,0.0625,0.0160217,477
-0.392597,-0.157664,-0.0085256,0.00311212,0.0190289,-5.9231e-05,0.999814,0.0625,0.0625,0.0160217,478
0.393837,0.167432,-0.00851926,0.00311212,0.0190289,-5.9231e-05,0.999814,0.0625,0.0625,0.0160217,479
-0.394327,-0.248434,0.0525407,0.000839398,0.019389,-1.62782e-05,0.999812,0.0625,0.0625,0.0160217,480
-0.096836,-0.0514054,0.0099927,0.000839398,0.019389,-1.62782e-05,0.999812,0.03125,-0.0625,0.0769958,481
0,0,0,0.000839398,0.019389,-1.62782e-05,0.999812,0.03125,-0.0625,0.0769958,482
-0.100159,-0.0460015,-0.0086647,0.000839398,0.019389,-1.62782e-05,0.999812,0.03125,-0.0625,0.0769958,483
0.0966565,0.0505791,-0.00865818,0.000839398,0.019389,-1.62782e-05,0.999812,0.03125,-0.0625,0.0769958,484
-0.100739,-0.0421218,-0.00865165,0.000839398,0.019389,-1.62782e-05,0.999812,0.03125,-0.0625,0.0769958,485
0.124434,-0.0269073,0.0451244,-0.00116732,0.0188192,2.19719e-05,0.999822,0.03125,-0.0625,0.0769958,486
-0.194023,-0.0486388,0.000202989,-0.00114425,0.0185853,2.12698e-05,0.999827,0.03125,-0.0625,0.0769958,487
0.199966,0.0425118,-0.00798987,-0.00114425,0.0185853,2.12698e-05,0.999827,0.03125,-0.0625,0.0769958,488
-0.204224,-0.0336236,-0.00798433,-0.00114425,0.0185853,2.12698e-05,0.999827,0.03125,-0.0625,0.0769958,489
0.199797,0.042546,-0.00797879,-0.00114425,0.0185853,2.12698e-05,0.999827,0.03125,-0.0625,0.0769958,490
-0.203943,-0.0335776,-0.00797326,-0.00114425,0.0185853,2.12698e-05,0.999827,0.03125,-0.0625,0.0769958,491
0.199521,0.0424879,-0.00796773,-0.00114425,0.0185853,2.12698e-05,0.999827,0.03125,-0.0625,0.0769958,492
-0.123633,-0.00911509,0.0322983,0.000899374,0.0155529,-1.39895e-05,0.999879,0.03125,-0.0625,0.0769958,493
-0.167408,-0.0998619,-0.0055891,0.000899374,0.0155529,-1.39895e-05,0.999879,0.03125,-0.0625,0.0769958,494
0.16435,0.106106,-0.00558638,0.000899374,0.0155529,-1.39895e-05,0.999879,0.03125,-0.0625,0.0769958,495
-0.167321,-0.0998161,-0.00558367,0.000899374,0.0155529,-1.39895e-05,0.999879,0.03125,-0.0625,0.0769958,496
0.163801,0.1065,-0.00558096,0.000899374,0.0155529,-1.39895e-05,0.999879,0.03125,-0.0625,0.0769958,497
-0.166611,-0.100193,-0.00557825,0.000899374,0.0155529,-1.39895e-05,0.999879,0.03125,-0.0625,0.0769958,498
0.163649,0.106387,-0.00557555,0.000899374,0.0155529,-1.39895e-05,0.999879,0.03125,-0.0625,0.0769958,499
-0.268361,-0.271239,0.0286921,-0.00571044,0.0204573,0.000116847,0.999774,0.03125,-0.0625,0.0769958,500
0.0308654,0.121441,-0.0103842,-0.00571044,0.0204573,0.000116847,0.999774,0.03125,-0.0625,0.0769958,501
0,0,0,-0.00571044,0.0204573,0.000116847,0.999774,0.03125,-0.0625,0.0769958,502
0.0320895,0.123542,-0.0103655,-0.00571044,0.0204573,0.000116847,0.999774,0.03125,-0.0625,0.0769958,503
-0.036801,-0.110842,-0.0103562,-0.00571044,0.0204573,0.000116847,0.999774,0.03125,-0.0625,0.0769958,504
0.0319554,0.12315,-0.0103468,-0.00571044,0.0204573,0.000116847,0.999774,0.03125,-0.0625,0.0769958,505
-0.162928,-0.0835845,0.0558808,-0.00278271,0.0264732,7.36934e-05,0.999646,0.03125,-0.0625,0.0769958,506
0.115737,0.0349823,0.00998606,-0.00278271,0.0264732,7.36934e-05,0.999646,0.03125,-0.0625,0.0769958,507
-0.118013,-0.0304723,-0.0163307,-0.00278271,0.0264732,7.36934e-05,0.999646,0.03125,-0.0625,0.0769958,508
0.108774,0.0498183,-0.0163075,-0.00278271,0.0264732,7.36934e-05,0.999646,0.03125,-0.0625,0.0769958,509
-0.115965,-0.0304191,-0.0162844,-0.00278271,0.0264732,7.36934e-05,0.999646,0.03125,-0.0625,0.0769958,510
0.108371,0.0495822,-0.0162613,-0.00278271,0.0264732,7.36934e-05,0.999646,0.03125,-0.0625,0.0769958,511
-0.115641,-0.0303361,-0.0162383,-0.00278271,0.0264732,7.36934e-05,0.999646,0.03125,-0.0625,0.0769958,512
0.263542,0.0331663,0.0679694,-0.00133422,0.0205883,2.74752e-05,0.999787,0.03125,-0.0625,0.0769958,513
-0.142967,-0.180383,-0.00979884,-0.00133422,0.0205883,2.74752e-05,0.999787,0.03125,-0.0625,0.0769958,514
0.138107,0.191514,-0.0097905,-0.00133422,0.0205883,2.74752e-05,0.999787,0.03125,-0.0625,0.0769958,515
-0.14267,-0.179792,-0.00978216,-0.00133422,0.0205883,2.74752e-05,0.999787,0.03125,-0.0625,0.0769958,516
0.137874,0.191184,-0.00977383,-0.00133422,0.0205883,2.74752e-05,0.999787,0.03125,-0.0625,0.0769958,517
-0.142427,-0.179487,-0.00976551,-0.00133422,0.0205883,2.74752e-05,0.999787,0.03125,-0.0625,0.0769958,518
0.137642,0.190855,-0.0097572,-0.00133422,0.0205883,2.74752e-05,0.999787,0.03125,-0.0625,0.0769958,519
-0.106201,-0.160086,0.0595199,0.00129912,0.0196722,-2.55616e-05,0.999806,0.03125,-0.0625,0.0769958,520
-0.1401,-0.11175,-0.00842443,0.000897564,0.0191082,-1.7154e-05,0.999817,0.03125,-0.0625,0.0769958,521
0,0,0,0.000897564,0.0191082,-1.7154e-05,0.999817,0.03125,-0.0625,0.0769958,522
-0.15335,-0.103156,-0.00841211,0.000897564,0.0191082,-1.7154e-05,0.999817,0.03125,-0.0625,0.0769958,523
0.149325,0.112672,-0.00840595,0.000897564,0.0191082,-1.7154e-05,0.999817,0.03125,-0.0625,0.0769958,524
-0.153368,-0.102633,-0.0083998,0.000897564,0.0191082,-1.7154e-05,0.999817,0.03125,-0.0625,0.0769958,525
0.1491,0.112515,-0.00839365,0.000897564,0.0191082,-1.7154e-05,0.999817,0.03125,-0.0625,0.0769958,526
-0.167572,-0.282873,0.0690002,-0.00493982,0.020654,0.00010205,0.999774,0.03125,-0.0625,0.0769958,527
-0.112986,0.0241517,-0.0110087,-0.00648998,0.0208636,0.000135437,0.999761,0.03125,-0.0625,0.0769958,528
0.10379,-0.046632,-0.0109982,-0.00648998,0.0208636,0.000135437,0.999761,0.03125,-0.0625,0.0769958,529
-0.108672,0.0597064,-0.0109877,-0.00648998,0.0208636,0.000135437,0.999761,0.03125,-0.0625,0.0769958,530
0.10361,-0.0465624,-0.0109772,-0.00648998,0.0208636,0.000135437,0.999761,0.03125,-0.0625,0.0769958,531
-0.108647,0.0598392,-0.0109667,-0.00648998,0.0208636,0.000135437,0.999761,0.03125,-0.0625,0.0769958,532
0.103413,-0.0464754,-0.0109563,-0.00648998,0.0208636,0.000135437,0.999761,0.03125,-0.0625,0.0769958,533
-0.186094,-0.0982773,0.0687571,-0.0112968,0.0251393,0.000284102,0.99962,0.0625,-0.0625,-0.0270081,534
-0.00533698,0.181582,-0.0168007,-0.00945804,0.0252776,0.000239163,0.999636,0.0625,-0.0625,-0.0270081,535
-0.00654901,-0.119175,-0.0167762,-0.00945804,0.0252776,0.000239163,0.999636,0.0625,-0.0625,-0.0270081,536
-0.000799033,0.139312,-0.0167518,-0.00945804,0.0252776,0.000239163,0.999636,0.0625,-0.0625,-0.0270081,537
-0.0067792,-0.118785,-0.0167274,-0.00945804,0.0252776,0.000239163,0.999636,0.0625,-0.0625,-0.0270081,538
-0.000872656,0.138976,-0.016703,-0.00945804,0.0252776,0.000239163,0.999636,0.0625,-0.0625,-0.0270081,539
-0.288955,-0.133994,0.115827,-0.00658778,0.0385468,0.000254132,0.999235,0.0625,-0.0625,-0.0270081,540
0.188931,-0.047705,0.0199393,-0.00658778,0.0385468,0.000254132,0.999235,0.0625,-0.0625,-0.0270081,541
0,0,0,-0.00658778,0.0385468,0.000254132,0.999235,0.0625,-0.0625,-0.0270081,542
0.179351,-0.0146715,-0.0353229,-0.00658778,0.0385468,0.000254132,0.999235,0.0625,-0.0625,-0.0270081,543
-0.192452,0.0569677,-0.0352148,-0.00658778,0.0385468,0.000254132,0.999235,0.0625,-0.0625,-0.0270081,544
0.178272,-0.0145724,-0.0351071,-0.00658778,0.0385468,0.000254132,0.999235,0.0625,-0.0625,-0.0270081,545
-0.191292,0.0566432,-0.0349997,-0.00658778,0.0385468,0.000254132,0.999235,0.0625,-0.0625,-0.0270081,546
0.281582,-0.153765,0.150643,-0.00778083,0.0357158,0.000278085,0.999332,0.0625,-0.0625,-0.0270081,547
-0.119732,0.0228418,-0.0308895,-0.00778083,0.0357158,0.000278085,0.999332,0.0625,-0.0625,-0.0270081,548
0.107038,0.0145215,-0.0308069,-0.00778083,0.0357158,0.000278085,0.999332,0.0625,-0.0625,-0.0270081,549
-0.119093,0.0227176,-0.0307246,-0.00778083,0.0357158,0.000278085,0.999332,0.0625,-0.0625,-0.0270081,550
0.106467,0.0144457,-0.0306425,-0.00778083,0.0357158,0.000278085,0.999332,0.0625,-0.0625,-0.0270081,551
-0.118457,0.0225946,-0.0305606,-0.00778083,0.0357158,0.000278085,0.999332,0.0625,-0.0625,-0.0270081,552
0.105899,0.0143683,-0.030479,-0.00778083,0.0357158,0.000278085,0.999332,0.0625,-0.0625,-0.0270081,553
-0.214043,-0.188053,0.211454,-0.0105745,0.041995,0.000444492,0.999062,0,0,-0.00900269,554
-0.0700867,-0.109077,-0.0434581,-0.0105745,0.041995,0.000444492,0.999062,0,0,-0.00900269,555
0.054177,0.162077,-0.0432951,-0.0105745,0.041995,0.000444492,0.999062,0,0,-0.00900269,556
-0.0695617,-0.108261,-0.0431327,-0.0105745,0.041995,0.000444492,0.999062,0,0,-0.00900269,557
0.0537712,0.160864,-0.042971,-0.0105745,0.041995,0.000444492,0.999062,0,0,-0.00900269,558
-0.0690403,-0.107451,-0.0428098,-0.0105745,0.041995,0.000444492,0.999062,0,0,-0.00900269,559
-0.181827,-0.198153,0.271128,-0.0178162,0.054928,0.000980245,0.998331,0,0,-0.00900269,560
0.0250887,-0.0404731,0,-0.0178162,0.054928,0.000980245,0.998331,0,0,-0.00900269,561
0,0,0,-0.0178162,0.054928,0.000980245,0.998331,0,0,-0.00900269,562
0.0138475,0.00899481,-0.0771218,-0.0178162,0.054928,0.000980245,0.998331,0,0,-0.00900269,563
-0.0383305,0.0891519,-0.0766074,-0.0178162,0.054928,0.000980245,0.998331,0,0,-0.00900269,564
0.0133229,0.00850537,-0.0760965,-0.0178162,0.054928,0.000980245,0.998331,0,0,-0.00900269,565
-0.0927925,-0.195599,0.321194,-0.024249,0.0585692,0.00142311,0.997988,0,0,-0.00900269,566
0.05612,-0.0954541,-0.0936726,-0.024249,0.0585692,0.00142311,0.997988,0,0,-0.00900269,567
-0.0838645,0.214909,-0.0929198,-0.024249,0.0585692,0.00142311,0.997988,0,0,-0.00900269,568
0.055256,-0.0939268,-0.092173,-0.024249,0.0585692,0.00142311,0.997988,0,0,-0.00900269,569
-0.0825222,0.211467,-0.0914322,-0.024249,0.0585692,0.00142311,0.997988,0,0,-0.00900269,570
0.0543949,-0.0924185,-0.0906974,-0.024249,0.0585692,0.00142311,0.997988,0,0,-0.00900269,571
-0.0812018,0.208081,-0.0899685,-0.024249,0.0585692,0.00142311,0.997988,0,0,-0.00900269,572
-0.25775,-0.374524,0.586831,-0.0182233,0.0619974,0.00113216,0.997909,0.03125,-0.125,0,573
0.245959,0.198698,-0.0976421,-0.0182233,0.0619974,0.00113216,0.997909,0.03125,-0.125,0,574
-0.271889,-0.0749757,-0.0968267,-0.0182233,0.0619974,0.00113216,0.997909,0.03125,-0.125,0,575
0.245752,0.195463,-0.096018,-0.0182233,0.0619974,0.00113216,0.997909,0.03125,-0.125,0,576
-0.268952,-0.0727315,-0.0952161,-0.0182233,0.0619974,0.00113216,0.997909,0.03125,-0.125,0,577
-0.211627,-0.280054,0.38383,-0.000264283,0.0619216,1.63963e-05,0.998081,0.03125,-0.125,0,578
0.227722,0.489371,-0.0896445,-0.000264283,0.0619216,1.63963e-05,0.998081,0.03125,-0.125,0,579
-0.286439,-0.409811,-0.088957,-0.000264283,0.0619216,1.63963e-05,0.998081,0.03125,-0.125,0,580
0.265608,0.511559,-0.0882748,-0.000264283,0.0619216,1.63963e-05,0.998081,0.03125,-0.125,0,581
0,0,0,-0.000264283,0.0619216,1.63963e-05,0.998081,0.03125,-0.125,0,582
0.237562,0.486263,-0.0869261,-0.000264283,0.0619216,1.63963e-05,0.998081,0.03125,-0.125,0,583
-0.398638,-0.863762,0.459808,-0.0116802,0.0708308,0.00082946,0.99742,0.03125,-0.0625,0.00900269,584
0.295741,0.424631,-0.120674,-0.0116802,0.0708308,0.00082946,0.99742,0.03125,-0.0625,0.00900269,585
-0.298975,-0.272421,-0.11943,-0.0116802,0.0708308,0.00082946,0.99742,0.03125,-0.0625,0.00900269,586
0.308908,0.444819,-0.118199,-0.0116802,0.0708308,0.00082946,0.99742,0.03125,-0.0625,0.00900269,587
-0.335593,-0.297727,-0.116981,-0.0116802,0.0708308,0.00082946,0.99742,0.03125,-0.0625,0.00900269,588
0.311426,0.429145,-0.115775,-0.0116802,0.0708308,0.00082946,0.99742,0.03125,-0.0625,0.00900269,589
-0.329932,-0.287929,-0.114582,-0.0116802,0.0708308,0.00082946,0.99742,0.03125,-0.0625,0.00900269,590
-0.246935,-0.424761,0.756842,-0.0287755,0.0683326,0.00197173,0.997246,0.03125,-0.0625,0.00900269,591
0.430697,-0.364364,-0.12929,-0.0287755,0.0683326,0.00197173,0.997246,0.03125,-0.0625,0.00900269,592
-0.4559,0.536841,-0.127869,-0.0287755,0.0683326,0.00197173,0.997246,0.03125,-0.0625,0.00900269,593
0.437536,-0.363513,-0.126463,-0.0287755,0.0683326,0.00197173,0.997246,0.03125,-0.0625,0.00900269,594
-0.437115,0.526352,-0.125072,-0.0287755,0.0683326,0.00197173,0.997246,0.03125,-0.0625,0.00900269,595
0.419952,-0.355502,-0.123697,-0.0287755,0.0683326,0.00197173,0.997246,0.03125,-0.0625,0.00900269,596
0.386316,0.259547,0.57346,-0.0213262,0.0351314,0.000749853,0.999155,0.03125,-0.0625,0.00900269,597
-0.00844481,0.216949,-0.00169769,-0.020062,0.0305627,0.000613559,0.999331,0.03125,-0.0625,0.00900269,598
0.54028,0.170521,-0.0312719,-0.020062,0.0305627,0.000613559,0.999331,0.03125,-0.0625,0.00900269,599
-0.350518,0.175085,-0.0311883,-0.020062,0.0305627,0.000613559,0.999331,0.03125,-0.0625,0.00900269,600
0.432664,0.0959835,-0.031105,-0.020062,0.0305627,0.000613559,0.999331,0.03125,-0.0625,0.00900269,601
0,0,0,-0.020062,0.0305627,0.000613559,0.999331,0.03125,-0.0625,0.00900269,602
0.42014,0.0987877,-0.0309389,-0.020062,0.0305627,0.000613559,0.999331,0.03125,-0.0625,0.00900269,603
-0.599986,-0.0324592,0.274012,-0.0100061,0.0504571,0.00050555,0.998676,0.0625,-0.1875,0.0700073,604
-0.265169,-0.293629,-0.0625373,-0.0100061,0.0504571,0.00050555,0.998676,0.0625,-0.1875,0.0700073,605
0.264048,0.341201,-0.0622063,-0.0100061,0.0504571,0.00050555,0.998676,0.0625,-0.1875,0.0700073,606
-0.299025,-0.271182,-0.0618771,-0.0100061,0.0504571,0.00050555,0.998676,0.0625,-0.1875,0.0700073,607
0.322652,0.358707,-0.0615497,-0.0100061,0.0504571,0.00050555,0.998676,0.0625,-0.1875,0.0700073,608
-0.354479,-0.270225,-0.0612239,-0.0100061,0.0504571,0.00050555,0.998676,0.0625,-0.1875,0.0700073,609
-0.0321409,0.331834,0.350541,0.00188449,0.0682878,-0.000128989,0.997664,0.0625,-0.1875,0.0700073,610
-0.0244796,-0.46672,-0.11068,0.00188449,0.0682878,-0.000128989,0.997664,0.0625,-0.1875,0.0700073,611
0.116363,0.680732,-0.109647,0.00188449,0.0682878,-0.000128989,0.997664,0.0625,-0.1875,0.0700073,612
-0.241487,-0.537254,-0.108624,0.00188449,0.0682878,-0.000128989,0.997664,0.0625,-0.1875,0.0700073,613
0.309472,0.767991,-0.10761,0.00188449,0.0682878,-0.000128989,0.997664,0.0625,-0.1875,0.0700073,614
-0.258011,-1.37966,0.453303,-0.0115578,0.0712314,0.000825432,0.997393,0.0625,-0.1875,0.0700073,615
-0.232931,0.402495,-0.123678,-0.0115578,0.0712314,0.000825432,0.997393,0.0625,-0.1875,0.0700073,616
0.1996,-0.22548,-0.12239,-0.0115578,0.0712314,0.000825432,0.997393,0.0625,-0.1875,0.0700073,617
-0.237212,0.412641,-0.121116,-0.0115578,0.0712314,0.000825432,0.997393,0.0625,-0.1875,0.0700073,618
0.200136,-0.226634,-0.119854,-0.0115578,0.0712314,0.000825432,0.997393,0.0625,-0.1875,0.0700073,619
0.383225,-0.0308679,0.50188,-0.00935926,0.0492814,0.000461819,0.998741,0.0625,-0.1875,0.0359802,620
-0.0225358,0.0567502,-0.0598357,-0.00935926,0.0492814,0.000461819,0.998741,0.0625,-0.1875,0.0359802,621
0,0,0,-0.00998018,0.0694952,0.000695291,0.997532,0.03125,-0.0625,0.00601196,622
0.0363264,0.104195,-0.117427,-0.00998018,0.0694952,0.000695291,0.997532,0.03125,-0.0625,0.00601196,623
-0.0438261,0.052079,-0.11627,-0.00998018,0.0694952,0.000695291,0.997532,0.03125,-0.0625,0.00601196,624
0.0354936,0.1019,-0.115123,-0.00998018,0.0694952,0.000695291,0.997532,0.03125,-0.0625,0.00601196,625
-0.0426256,0.050512,-0.113988,-0.00998018,0.0694952,0.000695291,0.997532,0.03125,-0.0625,0.00601196,626
-0.0186036,-0.142391,0.496177,-0.00317103,0.071955,0.000228765,0.997403,0.03125,-0.0625,0.00601196,627
-0.123071,-0.14617,-0.123929,-0.00317103,0.071955,0.000228765,0.997403,0.03125,-0.0625,0.00601196,628
0.105767,0.33566,-0.122643,-0.00317103,0.071955,0.000228765,0.997403,0.03125,-0.0625,0.00601196,629
-0.119405,-0.158442,-0.121371,-0.00317103,0.071955,0.000228765,0.997403,0.03125,-0.0625,0.00601196,630
0.111622,0.334359,-0.120111,-0.00317103,0.071955,0.000228765,0.997403,0.03125,-0.0625,0.00601196,631
-0.116424,-0.159784,-0.118865,-0.00317103,0.071955,0.000228765,0.997403,0.03125,-0.0625,0.00601196,632
0.115047,0.326211,-0.117632,-0.00317103,0.071955,0.000228765,0.997403,0.03125,-0.0625,0.00601196,633
1.09419,-0.39148,0.666881,0.0099996,0.0210226,-0.000210274,0.999729,0.0625,-0.1875,0.0480042,634
0.139954,0.118253,-0.0128842,0.0099996,0.0210226,-0.000210274,0.999729,0.0625,-0.1875,0.0480042,635
0.194777,-0.192577,-0.0128702,0.0099996,0.0210226,-0.000210274,0.999729,0.0625,-0.1875,0.0480042,636
-0.0396245,-0.226507,-0.0128563,0.0099996,0.0210226,-0.000210274,0.999729,0.0625,-0.1875,0.0480042,637
-0.0851315,-0.0411844,-0.0128424,0.0099996,0.0210226,-0.000210274,0.999729,0.0625,-0.1875,0.0480042,638
-0.115023,-0.24831,-0.0128284,0.0099996,0.0210226,-0.000210274,0.999729,0.0625,-0.1875,0.0480042,639
-0.0448715,0.239531,-0.0128145,0.0099996,0.0210226,-0.000210274,0.999729,0.0625,-0.1875,0.0480042,640
0.617169,-0.361504,0.099922,0.00162892,0.000625371,-1.01868e-06,0.999998,0.0625,-0.1875,0.0480042,641
0,0,0,0.00162892,0.000625371,-1.01868e-06,0.999998,0.0625,-0.1875,0.0480042,642
0.0919067,0.00590093,-7.25184e-05,0.00162892,0.000625371,-1.01868e-06,0.999998,0.0625,-0.1875,0.0480042,643
-0.0721012,0.0205193,-7.25179e-05,0.00162892,0.000625371,-1.01868e-06,0.999998,0.0625,-0.1875,0.0480042,644
0.238863,0.0373032,-0.0109526,0.00506297,-0.00515469,2.60987e-05,0.999974,0.0625,-0.1875,0.0480042,645
0.36324,0.175281,-0.0289157,0.00862797,-0.027808,0.000240028,0.999576,0.0625,-0.1875,0.0480042,646
0.269114,-0.00600641,-0.0201248,0.00862797,-0.027808,0.000240028,0.999576,0.0625,-0.1875,0.0480042,647
-0.316843,0.00178259,-0.0200906,0.00862797,-0.027808,0.000240028,0.999576,0.0625,-0.1875,0.0480042,648
0.0867962,0.0306192,-0.0200566,0.00862797,-0.027808,0.000240028,0.999576,0.0625,-0.1875,0.0480042,649
-0.249018,-0.0623376,-0.0200226,0.00862797,-0.027808,0.000240028,0.999576,0.0625,-0.1875,0.0480042,650
0.308338,0.0253345,-0.0199886,0.00862797,-0.027808,0.000240028,0.999576,0.0625,-0.1875,0.0480042,651
-0.170675,0.217114,-0.0199547,0.00862797,-0.027808,0.000240028,0.999576,0.0625,-0.1875,0.0480042,652
2.01794,0.0740326,-0.0285423,0.0102431,-0.109198,0.00112531,0.993967,0.0625,-0.1875,0.0480042,653
-0.244112,0.538268,-0.281988,0.0102431,-0.109198,0.00112531,0.993967,0.0625,-0.1875,0.0480042,654
-0.183751,-0.0142958,-0.275204,0.0102431,-0.109198,0.00112531,0.993967,0.0625,-0.1875,0.0480042,655
-0.238667,0.302826,-0.268583,0.0102431,-0.109198,0.00112531,0.993967,0.0625,-0.1875,0.0480042,656
-0.141585,0.390376,-0.262121,0.0102431,-0.109198,0.00112531,0.993967,0.0625,-0.1875,0.0480042,657
-0.0596268,0.285751,-0.255815,0.0102431,-0.109198,0.00112531,0.993967,0.0625,-0.1875,0.0480042,658
-0.337803,0.0181389,-0.24966,0.0102431,-0.109198,0.00112531,0.993967,0.0625,-0.1875,0.0480042,659
-0.674631,-0.745734,1.74451,0.0321169,-0.031199,0.00100302,0.998997,0.0625,-0.1875,0.0480042,660
0.0617614,0.520736,-0.0476044,0.0321169,-0.031199,0.00100302,0.998997,0.0625,-0.1875,0.0480042,661
0,0,0,0.0321169,-0.031199,0.00100302,0.998997,0.0625,-0.1875,0.0480042,662
0.030632,0.247279,-0.0472234,0.0321169,-0.031199,0.00100302,0.998997,0.0625,-0.1875,0.0480042,663
-0.0615256,-0.0296281,-0.047034,0.0321169,-0.031199,0.00100302,0.998997,0.0625,-0.1875,0.0480042,664
-0.826517,0.368852,0.23231,0.0513859,0.00789578,-0.000406281,0.998648,0.0625,-0.1875,0.0480042,665
0.12873,-0.029142,-0.0644104,0.0513859,0.00789578,-0.000406281,0.998648,0.0625,-0.1875,0.0480042,666
0.0826021,-0.0772368,-0.0640622,0.0513859,0.00789578,-0.000406281,0.998648,0.0625,-0.1875,0.0480042,667
0.0640993,0.0193693,-0.0637159,0.0513859,0.00789578,-0.000406281,0.998648,0.0625,-0.1875,0.0480042,668
-0.0803256,-0.098362,-0.0633714,0.0513859,0.00789578,-0.000406281,0.998648,0.0625,-0.1875,0.0480042,669
-0.00256661,0.100837,-0.0630289,0.0513859,0.00789578,-0.000406281,0.998648,0.0625,-0.1875,0.0480042,670
-0.161758,-0.128453,-0.0626882,0.0513859,0.00789578,-0.000406281,0.998648,0.0625,-0.1875,0.0480042,671
-0.00270605,0.0958239,-0.0623493,0.0513859,0.00789578,-0.000406281,0.998648,0.0625,-0.1875,0.0480042,672
0.149728,-0.208808,0.409863,0.0569238,0.00651634,-0.000371545,0.998357,0.0625,-0.1875,0.0480042,673
0.026286,0.189318,-0.0780086,0.0569238,0.00651634,-0.000371545,0.998357,0.0625,-0.1875,0.0480042,674
0.0135651,-0.167519,-0.0774965,0.0569238,0.00651634,-0.000371545,0.998357,0.0625,-0.1875,0.0480042,675
0.149131,0.0759003,-0.0769877,0.0569238,0.00651634,-0.000371545,0.998357,0.0625,-0.1875,0.0480042,676
0.0817649,-0.320857,-0.0764822,0.0569238,0.00651634,-0.000371545,0.998357,0.0625,-0.1875,0.0480042,677
-0.0172083,0.281584,-0.07598,0.0569238,0.00651634,-0.000371545,0.998357,0.0625,-0.1875,0.0480042,678
-0.14941,-0.170475,-0.0429697,0.0423059,0.00888939,-0.000376426,0.999065,0.0625,-0.1875,0.0480042,679
0.00143979,-0.00579939,0.43902,0.0375851,0.0124901,-0.00046981,0.999215,0.0625,-0.1875,0.0480042,680
0.0437929,-0.249262,-0.0373104,0.0375851,0.0124901,-0.00046981,0.999215,0.0625,-0.1875,0.0480042,681
0,0,0,0.0375851,0.0124901,-0.00046981,0.999215,0.0625,-0.1875,0.0480042,682
0.0355039,-0.236885,-0.0370767,0.0375851,0.0124901,-0.00046981,0.999215,0.0625,-0.1875,0.0480042,683
-0.0671637,0.437558,-0.0369603,0.0375851,0.0124901,-0.00046981,0.999215,0.0625,-0.1875,0.0480042,684
-0.173984,-0.747651,0.176296,0.025872,0.0239209,-0.000619264,0.999379,0.0625,-0.1875,0.0480042,685
0.126937,-0.0130897,-0.0297894,0.0261449,0.02379,-0.000622377,0.999375,0.0625,-0.1875,0.0480042,686
-0.0955965,0.130228,-0.0297149,0.0261449,0.02379,-0.000622377,0.999375,0.0625,-0.1875,0.0480042,687
0.218947,0.0701006,-0.0296407,0.0261449,0.02379,-0.000622377,0.999375,0.0625,-0.1875,0.0480042,688
-0.230148,0.0581837,-0.0295666,0.0261449,0.02379,-0.000622377,0.999375,0.0625,-0.1875,0.0480042,689
0.232742,-0.0749888,-0.0294927,0.0261449,0.02379,-0.000622377,0.999375,0.0625,-0.1875,0.0480042,690
-0.24545,0.0711481,-0.029419,0.0261449,0.02379,-0.000622377,0.999375,0.0625,-0.1875,0.0480042,691
0.522529,-0.244673,0.194299,0.0177102,0.0151718,-0.000268768,0.999728,-0.0625,-0.4375,-0.0280151,692
-0.180264,0.144391,0,0.0177102,0.0151718,-0.000268768,0.999728,-0.0625,-0.4375,-0.0280151,693
0.187686,-0.0276391,-0.0129835,0.0177102,0.0151718,-0.000268768,0.999728,-0.0625,-0.4375,-0.0280151,694
-0.197666,0.0921796,-0.0129694,0.0177102,0.0151718,-0.000268768,0.999728,-0.0625,-0.4375,-0.0280151,695
0.182286,-0.0144207,-0.0129552,0.0177102,0.0151718,-0.000268768,0.999728,-0.0625,-0.4375,-0.0280151,696
-0.199098,0.0755317,-0.0129412,0.0177102,0.0151718,-0.000268768,0.999728,-0.0625,-0.4375,-0.0280151,697
0.196709,-0.0581005,-0.0129271,0.0177102,0.0151718,-0.000268768,0.999728,-0.0625,-0.4375,-0.0280151,698
-0.63475,0.145315,0.108532,0.02214,0.0337967,-0.000748871,0.999183,-0.0625,-0.4375,-0.0280151,699
0.0428584,0.346883,0.00996663,0.02214,0.0337967,-0.000748871,0.999183,-0.03125,0,0.0200195,700
0.0977673,-0.160906,-0.0391473,0.02214,0.0337967,-0.000748871,0.999183,-0.03125,0,0.0200195,701
0,0,0,0.02214,0.0337967,-0.000748871,0.999183,-0.03125,0,0.0200195,702
0.08854,0.0730479,-0.0388921,0.02214,0.0337967,-0.000748871,0.999183,-0.03125,0,0.0200195,703
0.0247673,0.323689,-0.0387651,0.02214,0.0337967,-0.000748871,0.999183,-0.03125,0,0.0200195,704
-0.0716201,-0.199409,-0.0386385,0.02214,0.0337967,-0.000748871,0.999183,-0.03125,0,0.0200195,705
0.0767069,0.295719,-0.0385124,0.02214,0.0337967,-0.000748871,0.999183,-0.03125,0,0.0200195,706
-0.0454904,-0.258222,0.242942,0.02214,0.0337967,-0.000748871,0.999183,-0.03125,0,0.0200195,707
0.0443658,-0.50006,0.00510437,0.00017044,0.0317165,-5.40848e-06,0.999497,-0.0625,0,0.0139771,708
0.0680461,0.0319289,-0.0241549,0.00017044,0.0317165,-5.40848e-06,0.999497,-0.0625,0,0.0139771,709
-0.161303,0.134546,-0.0241063,0.00017044,0.0317165,-5.40848e-06,0.999497,-0.0625,0,0.0139771,710
-0.0289771,0.211599,-0.0240578,0.00017044,0.0317165,-5.40848e-06,0.999497,-0.0625,0,0.0139771,711
-0.0945452,-0.132899,-0.0240094,0.00017044,0.0317165,-5.40848e-06,0.999497,-0.0625,0,0.0139771,712
0.0357696,0.25477,-0.0239611,0.00017044,0.0317165,-5.40848e-06,0.999497,-0.0625,0,0.0139771,713
0.0580762,0.108867,0.117207,0.0144417,0.0304223,-0.000439601,0.999433,-0.0625,0,0.0139771,714
0.046248,0.243333,0,0.0144417,0.0304223,-0.000439601,0.999433,-0.0625,0,0.0139771,715
-0.0545371,-0.234067,-0.0272241,0.0144417,0.0304223,-0.000439601,0.999433,-0.0625,0,0.0139771,716
0.0377763,0.253671,-0.0271624,0.0144417,0.0304223,-0.000439601,0.999433,-0.0625,0,0.0139771,717
-0.0541699,-0.229727,-0.0271008,0.0144417,0.0304223,-0.000439601,0.999433,-0.0625,0,0.0139771,718
0.0376255,0.252507,-0.0270393,0.0144417,0.0304223,-0.000439601,0.999433,-0.0625,0,0.0139771,719
-0.0539154,-0.228684,-0.026978,0.0144417,0.0304223,-0.000439601,0.999433,-0.0625,0,0.0139771,720
0.0904334,0.178798,0.145482,0.0144417,0.0304223,-0.000439601,0.999433,-0.0625,0,0.0139771,721
0,0,0,0.00678793,0.0317375,-0.000215546,0.999473,-0.0625,0,0.0139771,722
-0.0426425,-0.296832,-0.0253112,0.00678793,0.0317375,-0.000215546,0.999473,-0.0625,0,0.0139771,723
0.0267821,0.333512,-0.0252579,0.00678793,0.0317375,-0.000215546,0.999473,-0.0625,0,0.0139771,724
-0.0409161,-0.354377,-0.0252047,0.00678793,0.0317375,-0.000215546,0.999473,-0.0625,0,0.0139771,725
0.0139932,0.615797,0.0573843,0.0181077,0.0327873,-0.000594121,0.999298,-0.0625,0,0.0139771,726
0.0288581,0.204444,-0.0336591,0.0181077,0.0327873,-0.000594121,0.999298,-0.0625,0,0.0139771,727
-0.0480033,-0.173862,-0.0335646,0.0181077,0.0327873,-0.000594121,0.999298,-0.0625,0,0.0139771,728
0.0289156,0.20124,-0.0334704,0.0181077,0.0327873,-0.000594121,0.999298,-0.0625,0,0.0139771,729
-0.0476813,-0.173419,-0.0333765,0.0181077,0.0327873,-0.000594121,0.999298,-0.0625,0,0.0139771,730
0.0286647,0.201201,-0.0332829,0.0181077,0.0327873,-0.000594121,0.999298,-0.0625,0,0.0139771,731
0.00642188,-0.25468,0.157382,0.0181077,0.0327873,-0.000594121,0.999298,-0.0625,0,0.0139771,732
0.137433,-0.214151,0.0198534,0.00429894,0.0236341,-0.000101631,0.999711,-0.0625,0,0.0139771,733
0.0901673,0.064625,-0.0138563,0.00429894,0.0236341,-0.000101631,0.999711,-0.0625,0,0.0139771,734
-0.102397,-0.010554,-0.0138403,0.00429894,0.0236341,-0.000101631,0.999711,-0.0625,0,0.0139771,735
0.0905669,0.0439301,-0.0138243,0.00429894,0.0236341,-0.000101631,0.999711,-0.0625,0,0.0139771,736
-0.0977027,-0.0356188,-0.0138084,0.00429894,0.0236341,-0.000101631,0.999711,-0.0625,0,0.0139771,737
-0.283523,-0.374016,0.0769914,-0.0104395,0.0404913,0.00042308,0.999125,-0.0625,0,0.0139771,738
0.266913,0.0589994,0.000396204,-0.0117054,0.0399387,0.000467902,0.999133,-0.0625,0,0.0139771,739
-0.241487,0.072731,-0.0416684,-0.0117054,0.0399387,0.000467902,0.999133,-0.0625,0,0.0139771,740
0.268526,0.0899202,-0.041524,-0.0117054,0.0399387,0.000467902,0.999133,-0.0625,0,0.0139771,741
0,0,0,-0.0117054,0.0399387,0.000467902,0.999133,-0.0625,0,0.0139771,742
0.135804,-0.0253675,-0.0412368,-0.0117054,0.0399387,0.000467902,0.999133,-0.0625,0,0.0139771,743
-0.200123,0.0691586,-0.041094,-0.0117054,0.0399387,0.000467902,0.999133,-0.0625,0,0.0139771,744
0.295009,-0.0205983,0.157077,-0.0117054,0.0399387,0.000467902,0.999133,-0.25,-0.0625,-0.0690002,745
0.345824,-0.0106615,0.0269415,-0.0158516,0.0189775,0.000300915,0.999694,-0.25,-0.0625,-0.0690002,746
0.0385256,0.0601531,-0.0146805,-0.0158516,0.0189775,0.000300915,0.999694,-0.25,-0.0625,-0.0690002,747
-0.100454,0.296393,-0.0146625,-0.0158516,0.0189775,0.000300915,0.999694,-0.25,-0.0625,-0.0690002,748
0.223632,-0.108624,-0.0146446,-0.0158516,0.0189775,0.000300915,0.999694,-0.25,-0.0625,-0.0690002,749
-0.193755,0.253004,-0.0146267,-0.0158516,0.0189775,0.000300915,0.999694,-0.25,-0.0625,-0.0690002,750
0.284098,-0.187555,-0.0146088,-0.0158516,0.0189775,0.000300915,0.999694,-0.25,-0.0625,-0.0690002,751
-0.882631,-0.237001,0.142579,-0.0358094,0.0471897,0.00169281,0.998242,-0.25,-0.0625,-0.0690002,752
0.150042,0.528289,0.0198591,-0.0358094,0.0471897,0.00169281,0.998242,-0.25,-0.0625,-0.0690002,753
0.0153831,-0.141821,-0.0848838,-0.0358094,0.0471897,0.00169281,0.998242,-0.25,-0.0625,-0.0690002,754
0.133899,0.224126,-0.0842881,-0.0358094,0.0471897,0.00169281,0.998242,-0.25,-0.0625,-0.0690002,755
-0.0677753,-0.110272,-0.0836965,-0.0358094,0.0471897,0.00169281,0.998242,-0.25,-0.0625,-0.0690002,756
0.11029,0.274141,-0.0831091,-0.0358094,0.0471897,0.00169281,0.998242,-0.25,-0.0625,-0.0690002,757
-0.0752145,-0.124967,-0.0825258,-0.0358094,0.0471897,0.00169281,0.998242,-0.25,-0.0625,-0.0690002,758
0.515441,-1.10445,0.392683,-0.0808524,0.040816,0.00331371,0.995885,-0.25,-0.0625,-0.0690002,759
0.108031,0.0116573,-0.0196714,-0.0808524,0.040816,0.00331371,0.995885,-0.25,-0.0625,-0.0690002,760
-0.130454,0.203555,-0.197678,-0.0808524,0.040816,0.00331371,0.995885,-0.25,-0.0625,-0.0690002,761
0,0,0,-0.0808524,0.040816,0.00331371,0.995885,-0.25,-0.0625,-0.0690002,762
-0.147126,0.0814934,-0.191245,-0.0808524,0.040816,0.00331371,0.995885,-0.25,-0.0625,-0.0690002,763
0.269313,-0.342779,0.435818,-0.0808524,0.040816,0.00331371,0.995885,-0.25,-0.0625,-0.0690002,764
0.606086,0.152577,0.0959846,-0.0592168,0.0178901,0.00106143,0.998084,-0.125,0,-0.0339966,765
-0.261848,0.208431,-0.0918211,-0.0592168,0.0178901,0.00106143,0.998084,-0.125,0,-0.0339966,766
-0.0132661,-0.149601,-0.0911184,-0.0592168,0.0178901,0.00106143,0.998084,-0.125,0,-0.0339966,767
0.0254129,0.224137,-0.090421,-0.0592168,0.0178901,0.00106143,0.998084,-0.125,0,-0.0339966,768
-0.00165468,-0.042602,-0.089729,-0.0592168,0.0178901,0.00106143,0.998084,-0.125,0,-0.0339966,769
0.0353423,0.161234,-0.0890423,-0.0592168,0.0178901,0.00106143,0.998084,-0.125,0,-0.0339966,770
0.0117284,-0.226979,0.323127,-0.0592168,0.0178901,0.00106143,0.998084,-0.125,0,-0.0339966,771
-0.120731,0.450193,0.0459108,-0.0297972,0.0245487,0.00073203,0.999254,-0.125,0,-0.0339966,772
-0.0603874,0.174402,-0.0355171,-0.0297972,0.0245487,0.00073203,0.999254,-0.125,0,-0.0339966,773
0.0388779,-0.149456,-0.0354112,-0.0297972,0.0245487,0.00073203,0.999254,-0.125,0,-0.0339966,774
-0.050651,0.187344,-0.0353056,-0.0297972,0.0245487,0.00073203,0.999254,-0.125,0,-0.0339966,775
0.0197697,-0.152429,-0.0352004,-0.0297972,0.0245487,0.00073203,0.999254,-0.125,0,-0.0339966,776
-0.0548219,0.223201,-0.0579693,-0.0297972,0.0245487,0.00073203,0.999254,-0.125,0,-0.0339966,777
-0.021991,-0.153772,-0.052648,-0.0297283,0.0269493,0.000801803,0.999194,-0.125,0,-0.0339966,778
-0.00129679,0.0637702,-0.0199351,-0.0297283,0.0269493,0.000801803,0.999194,-0.125,0,-0.0339966,779
-0.0147796,-0.0328594,-0.0374894,-0.0297283,0.0269493,0.000801803,0.999194,-0.125,0,-0.0339966,780
-0.00619607,0.072813,-0.0373686,-0.0297283,0.0269493,0.000801803,0.999194,-0.125,0,-0.0339966,781
0,0,0,-0.0297283,0.0269493,0.000801803,0.999194,-0.125,0,-0.0339966,782
0.0925406,0.18353,-0.15789,-0.027884,0.0208156,0.000580773,0.999394,-0.03125,-0.0625,-0.60498,783
-0.197614,0.0901984,-0.0275395,-0.027884,0.0208156,0.000580773,0.999394,-0.03125,-0.0625,-0.60498,784
0.182763,-0.0475405,-0.0274728,-0.027884,0.0208156,0.000580773,0.999394,-0.03125,-0.0625,-0.60498,785
-0.198936,0.0899886,-0.0274063,-0.027884,0.0208156,0.000580773,0.999394,-0.03125,-0.0625,-0.60498,786
0.183807,-0.0632327,-0.0273399,-0.027884,0.0208156,0.000580773,0.999394,-0.03125,-0.0625,-0.60498,787
-0.197808,0.0873477,-0.0272737,-0.027884,0.0208156,0.000580773,0.999394,-0.03125,-0.0625,-0.60498,788
0.183182,-0.0621911,-0.0272077,-0.027884,0.0208156,0.000580773,0.999394,-0.03125,-0.0625,-0.60498,789
-0.343187,0.150688,-0.129867,-0.0271986,0.0262212,0.000713688,0.999286,-0.03125,-0.0625,-0.60498,790
-0.11278,0.129782,-0.0199434,-0.0271986,0.0262212,0.000713688,0.999286,-0.03125,-0.0625,-0.60498,791
0.0962301,-0.092464,-0.0315674,-0.0271986,0.0262212,0.000713688,0.999286,-0.03125,-0.0625,-0.60498,792
-0.116324,0.137751,-0.0314773,-0.0271986,0.0262212,0.000713688,0.999286,-0.03125,-0.0625,-0.60498,793
0.0975329,-0.0988762,-0.0313874,-0.0271986,0.0262212,0.000713688,0.999286,-0.03125,-0.0625,-0.60498,794
-0.11468,0.129361,-0.0312978,-0.0271986,0.0262212,0.000713688,0.999286,-0.03125,-0.0625,-0.60498,795
0.0989955,-0.0990198,-0.0312085,-0.0271986,0.0262212,0.000713688,0.999286,-0.03125,-0.0625,-0.60498,796
-0.27675,0.278287,-0.225527,-0.0244111,0.0315776,0.000771461,0.999203,-0.03125,-0.0625,-0.60498,797
0.125357,-0.0667413,-0.0340144,-0.0244111,0.0315776,0.000771461,0.999203,-0.03125,-0.0625,-0.60498,798
-0.145912,0.0741841,-0.033906,-0.0244111,0.0315776,0.000771461,0.999203,-0.03125,-0.0625,-0.60498,799
0.135494,-0.0358554,-0.033798,-0.0244111,0.0315776,0.000771461,0.999203,-0.03125,-0.0625,-0.60498,800
-0.145422,0.0708394,-0.0336903,-0.0244111,0.0315776,0.000771461,0.999203,-0.03125,-0.0625,-0.60498,801
0,0,0,-0.0303507,0.0345409,0.00104945,0.998942,-0.03125,0,-0.943024,802
-0.0310861,0.242509,-0.0436217,-0.0303507,0.0345409,0.00104945,0.998942,-0.03125,0,-0.943024,803
0.0106235,-0.186287,-0.0434373,-0.0303507,0.0345409,0.00104945,0.998942,-0.03125,0,-0.943024,804
-0.0308626,0.238441,-0.0432536,-0.0303507,0.0345409,0.00104945,0.998942,-0.03125,0,-0.943024,805
0.011788,-0.190397,-0.0430707,-0.0303507,0.0345409,0.00104945,0.998942,-0.03125,0,-0.943024,806
-0.0301816,0.236818,-0.0428886,-0.0303507,0.0345409,0.00104945,0.998942,-0.03125,0,-0.943024,807
0.0108866,-0.189647,-0.0427072,-0.0303507,0.0345409,0.00104945,0.998942,-0.03125,0,-0.943024,808
-0.0301948,0.236379,-0.0425267,-0.0303507,0.0345409,0.00104945,0.998942,-0.03125,0,-0.943024,809
0.151316,-0.026629,-0.109805,-0.0238355,0.0263923,0.00062947,0.999367,-0.03125,0,-0.943024,810
-0.0982371,0.00193154,-0.0199489,-0.0238355,0.0263923,0.00062947,0.999367,-0.03125,0,-0.943024,811
-0.022448,0.0951663,-0.0250026,-0.0238355,0.0263923,0.00062947,0.999367,-0.03125,0,-0.943024,812
-0.0907032,0.0136933,-0.0249393,-0.0238355,0.0263923,0.00062947,0.999367,-0.03125,0,-0.943024,813
0.0918724,-0.0298541,-0.0248763,-0.0238355,0.0263923,0.00062947,0.999367,-0.03125,0,-0.943024,814
-0.144309,0.0760608,-0.0248133,-0.0238355,0.0263923,0.00062947,0.999367,-0.03125,0,-0.943024,815
0.128426,-0.04042,-0.0247506,-0.0238355,0.0263923,0.00062947,0.999367,-0.03125,0,-0.943024,816
-0.374079,0.306228,-0.306932,-0.0194296,0.0318408,0.000619086,0.999304,-0.03125,0,-0.943024,817
0.0783533,-0.0307986,-0.0263065,-0.0194296,0.0318408,0.000619086,0.999304,-0.03125,0,-0.943024,818
-0.0831014,0.064548,-0.0262333,-0.0194296,0.0318408,0.000619086,0.999304,-0.03125,0,-0.943024,819
0.0686566,-0.03282,-0.0261603,-0.0194296,0.0318408,0.000619086,0.999304,-0.03125,0,-0.943024,820
-0.084967,0.0671647,-0.0260875,-0.0194296,0.0318408,0.000619086,0.999304,-0.03125,0,-0.943024,821
0,0,0,-0.0194296,0.0318408,0.000619086,0.999304,-0.03125,0,-0.943024,822
0.0764414,-0.0239196,-0.0572145,-0.0164789,0.0204815,0.00033763,0.999654,-0.03125,0,-0.943024,823
-0.00617101,-0.00114236,-0.0124079,-0.0164789,0.0204815,0.00033763,0.999654,-0.03125,0,-0.943024,824
-0.125208,-0.0340862,-0.0123907,-0.0164789,0.0204815,0.00033763,0.999654,-0.03125,0,-0.943024,825
0.0876085,0.0652487,-0.0123736,-0.0164789,0.0204815,0.00033763,0.999654,-0.03125,0,-0.943024,826
-0.149709,-0.0645368,-0.0123565,-0.0164789,0.0204815,0.00033763,0.999654,-0.03125,0,-0.943024,827
0.153376,0.00561801,-0.0123394,-0.0164789,0.0204815,0.00033763,0.999654,-0.03125,0,-0.943024,828
-0.302707,0.152914,-0.367537,-0.0164789,0.0204815,0.00033763,0.999654,-0.03125,0,-0.943024,829
-0.0888385,0.0870555,-0.0362317,-0.0171122,0.0276748,0.000473827,0.99947,-0.03125,0,-0.943024,830
-0.0530123,-0.0698208,-0.0180235,-0.0171122,0.0276748,0.000473827,0.99947,-0.03125,0,-0.943024,831
0.0382164,0.0858921,-0.0179854,-0.0171122,0.0276748,0.000473827,0.99947,-0.03125,0,-0.943024,832
-0.052942,-0.0750542,-0.0179473,-0.0171122,0.0276748,0.000473827,0.99947,-0.03125,0,-0.943024,833
0.0383279,0.0903962,-0.0179093,-0.0171122,0.0276748,0.000473827,0.99947,-0.03125,0,-0.943024,834
-0.139861,0.0348135,-0.287372,-0.0171122,0.0276748,0.000473827,0.99947,-0.03125,0,-0.943024,835
-0.0408749,0.119947,-0.0338046,-0.0134918,0.0333813,0.000450665,0.999352,-0.03125,0,-0.943024,836
-0.0565015,-0.0712205,-0.0210497,-0.0134918,0.0333813,0.000450665,0.999352,-0.03125,0,-0.943024,837
0.0695575,0.0932152,-0.0209951,-0.0134918,0.0333813,0.000450665,0.999352,-0.03125,0,-0.943024,838
-0.0726501,-0.054943,-0.0209407,-0.0134918,0.0333813,0.000450665,0.999352,-0.03125,0,-0.943024,839
0.069256,0.0749508,-0.0208864,-0.0134918,0.0333813,0.000450665,0.999352,-0.03125,0,-0.943024,840
-0.170461,0.0671791,-0.33504,-0.0134918,0.0333813,0.000450665,0.999352,-0.03125,0,-0.943024,841
0,0,0,-0.0160967,0.0302283,0.000486862,0.999413,-0.03125,0,-0.943024,842
-0.0899206,-0.16039,-0.0179962,-0.0160967,0.0302283,0.000486862,0.999413,-0.03125,0,-0.943024,843
-0.0302512,0.102711,-0.31123,-0.0160967,0.0302283,0.000486862,0.999413,-0.03125,0,-0.943024,844
-0.0686967,0.0492704,-0.0182485,-0.0173874,0.0306644,0.000533504,0.999378,-0.03125,0,-0.943024,845
0.0409224,-0.0556207,-0.0182032,-0.0173874,0.0306644,0.000533504,0.999378,-0.03125,0,-0.943024,846
-0.0625789,0.0681393,-0.0181579,-0.0173874,0.0306644,0.000533504,0.999378,-0.03125,0,-0.943024,847
0.0494215,-0.0567176,-0.0181128,-0.0173874,0.0306644,0.000533504,0.999378,-0.03125,0,-0.943024,848
-0.0616011,0.070931,-0.0180678,-0.0173874,0.0306644,0.000533504,0.999378,-0.03125,0,-0.943024,849
0.0520854,-0.0565003,-0.0180229,-0.0173874,0.0306644,0.000533504,0.999378,-0.03125,0,-0.943024,850
-0.150437,0.225591,-0.419873,-0.0192058,0.028264,0.000543151,0.999416,-0.03125,0,-0.943024,851
-0.0985362,0.0886414,-0.0299301,-0.0192058,0.028264,0.000543151,0.999416,-0.03125,0,-0.943024,852
0.0617636,-0.0824865,-0.0158439,-0.0192058,0.028264,0.000543151,0.999416,-0.03125,0,-0.943024,853
-0.0905141,0.0813416,-0.0158069,-0.0192058,0.028264,0.000543151,0.999416,-0.03125,0,-0.943024,854
0.0762358,-0.0695018,-0.0157699,-0.0192058,0.028264,0.000543151,0.999416,-0.03125,0,-0.943024,855
-0.0869295,0.0796775,-0.0157331,-0.0192058,0.028264,0.000543151,0.999416,-0.03125,0,-0.943024,856
0.0756203,-0.0673304,-0.0156964,-0.0192058,0.028264,0.000543151,0.999416,-0.03125,0,-0.943024,857
-0.167481,0.230851,-0.397961,-0.0195949,0.0249033,0.000488223,0.999498,0,0,-4.08699,858
-0.0857516,0.0537188,-0.0199598,-0.0195949,0.0249033,0.000488223,0.999498,0,0,-4.08699,859
0.0633979,-0.0452628,-0.0126267,-0.0195949,0.0249033,0.000488223,0.999498,0,0,-4.08699,860
-0.0897352,0.0448686,-0.0126013,-0.0195949,0.0249033,0.000488223,0.999498,0,0,-4.08699,861
0,0,0,-0.0195949,0.0249033,0.000488223,0.999498,0,0,-4.08699,862
-0.229555,0.315785,-0.450373,-0.0153379,0.0263949,0.000405032,0.999534,0,0,-4.08699,863
-0.0918097,0.0200325,-0.0206398,-0.0148116,0.0277667,0.000411474,0.999505,0,0,-4.08699,864
0.0608452,-0.00721936,-0.0114458,-0.0148116,0.0277667,0.000411474,0.999505,0,0,-4.08699,865
-0.0706537,0.0130287,-0.0114231,-0.0148116,0.0277667,0.000411474,0.999505,0,0,-4.08699,866
0.0668397,-0.00690422,-0.0114005,-0.0148116,0.0277667,0.000411474,0.999505,0,0,-4.08699,867
-0.0743525,0.0116011,-0.0113779,-0.0148116,0.0277667,0.000411474,0.999505,0,0,-4.08699,868
0.0682098,-0.00319089,-0.0113554,-0.0148116,0.0277667,0.000411474,0.999505,0,0,-4.08699,869
-0.130111,0.256727,-0.447563,-0.0101193,0.0216565,0.000219213,0.999714,0,0,-4.08699,870
-0.059947,0.0400073,-0.00602716,-0.0101193,0.0216565,0.000219213,0.999714,0,0,-4.08699,871
0.043115,-0.0385159,-0.00602027,-0.0101193,0.0216565,0.000219213,0.999714,0,0,-4.08699,872
-0.0524356,0.0312178,-0.00601339,-0.0101193,0.0216565,0.000219213,0.999714,0,0,-4.08699,873
0.0558771,-0.0264972,-0.00600652,-0.0101193,0.0216565,0.000219213,0.999714,0,0,-4.08699,874
-0.0599993,0.0322839,-0.00599965,-0.0101193,0.0216565,0.000219213,0.999714,0,0,-4.08699,875
-0.0405226,0.146033,-0.458965,-0.0133053,0.0187573,0.000249637,0.999736,0,0,-4.08699,876
-0.0436066,0.0134144,-0.00568806,-0.0133557,0.020396,0.000272483,0.999703,0,0,-4.08699,877
-0.0022511,-0.0943022,-0.0056813,-0.0133557,0.020396,0.000272483,0.999703,0,0,-4.08699,878
-0.00950953,0.00977242,-0.00567454,-0.0133557,0.020396,0.000272483,0.999703,0,0,-4.08699,879
0.0019801,-0.0636287,-0.0056678,-0.0133557,0.020396,0.000272483,0.999703,0,0,-4.08699,880
-0.00447294,0.0340103,-0.00566106,-0.0133557,0.020396,0.000272483,0.999703,0,0,-4.08699,881
0,0,0,-0.0151056,0.0321659,0.000486193,0.999368,0,0,-4.08699,882
-0.0187281,-0.0446853,-0.0110344,-0.0151056,0.0321659,0.000486193,0.999368,0,0,-4.08699,883
0.0198015,0.0494142,-0.0110065,-0.0151056,0.0321659,0.000486193,0.999368,0,0,-4.08699,884
-0.0268792,-0.0457931,-0.0109787,-0.0151056,0.0321659,0.000486193,0.999368,0,0,-4.08699,885
0.0182727,0.0622982,-0.010951,-0.0151056,0.0321659,0.000486193,0.999368,0,0,-4.08699,886
-0.0264612,-0.0500958,-0.0109233,-0.0151056,0.0321659,0.000486193,0.999368,0,0,-4.08699,887
-0.124424,0.264992,-0.577176,-0.02289,0.0350281,0.000802497,0.999124,0,0,-4.08699,888
-0.0487853,0.104786,-0.0130859,-0.02289,0.0350281,0.000802497,0.999124,0,0,-4.08699,889
0.039064,-0.0531854,-0.0130401,-0.02289,0.0350281,0.000802497,0.999124,0,0,-4.08699,890
-0.0439559,0.0734493,-0.0129944,-0.02289,0.0350281,0.000802497,0.999124,0,0,-4.08699,891
0.0296808,-0.0753277,-0.0129489,-0.02289,0.0350281,0.000802497,0.999124,0,0,-4.08699,892
-0.0465779,0.0797792,-0.0129036,-0.02289,0.0350281,0.000802497,0.999124,0,0,-4.08699,893
-0.0357225,0.155821,-0.421132,-0.0214046,0.0309597,0.000663149,0.999291,0,0,-4.08699,894
-0.000154473,-0.0438512,-0.00921045,-0.0214046,0.0309597,0.000663149,0.999291,0,0,-4.08699,895
0.0051551,-0.0505219,-0.00918435,-0.0214046,0.0309597,0.000663149,0.999291,0,0,-4.08699,896
-0.0218405,0.0331623,-0.00915833,-0.0214046,0.0309597,0.000663149,0.999291,0,0,-4.08699,897
0.00371921,-0.00239138,-0.00913238,-0.0214046,0.0309597,0.000663149,0.999291,0,0,-4.08699,898
-0.0533451,0.268457,-0.388425,-0.0175839,0.0214201,0.000376794,0.999616,0,0,-3.442,899
-0.0588769,-0.0101022,-0.00434029,-0.0175839,0.0214201,0.000376794,0.999616,0,0,-3.442,900
0.0620316,0.0255364,-0.00433362,-0.0175839,0.0214201,0.000376794,0.999616,0,0,-3.442,901
0,0,0,-0.0175839,0.0214201,0.000376794,0.999616,0,0,-3.442,902
0.0422126,0.0116934,-0.00432032,-0.0175839,0.0214201,0.000376794,0.999616,0,0,-3.442,903
-0.0534132,0.0287988,-0.00431368,-0.0175839,0.0214201,0.000376794,0.999616,0,0,-3.442,904
0.0527511,-0.00920603,-0.00430705,-0.0175839,0.0214201,0.000376794,0.999616,0,0,-3.442,905
-0.111591,0.286136,-0.46135,-0.0161534,0.00945107,0.000152693,0.999825,0,0,-3.442,906
-0.0632458,-0.0150487,-0.00163804,-0.0161534,0.00945107,0.000152693,0.999825,0,0,-3.442,907
0.0637829,0.0155097,-0.00163689,-0.0161534,0.00945107,0.000152693,0.999825,0,0,-3.442,908
-0.0707189,-0.0076179,-0.00163575,-0.0161534,0.00945107,0.000152693,0.999825,0,0,-3.442,909
0.0667362,0.00877546,-0.0016346,-0.0161534,0.00945107,0.000152693,0.999825,0,0,-3.442,910
-0.0690424,-0.00443037,-0.00163345,-0.0161534,0.00945107,0.000152693,0.999825,0,0,-3.442,911
0.0643662,0.0101171,-0.00163231,-0.0161534,0.00945107,0.000152693,0.999825,0,0,-3.442,912
-0.119049,0.260055,-0.531431,-0.0282451,0.00157452,4.44903e-05,0.9996,0,0,-3.442,913
0.0455372,0.01549,-0.00287634,-0.0282451,0.00157452,4.44903e-05,0.9996,0,0,-3.442,914
-0.040458,0.00167249,-0.00287174,-0.0282451,0.00157452,4.44903e-05,0.9996,0,0,-3.442,915
0.036106,0.00973705,-0.00286714,-0.0282451,0.00157452,4.44903e-05,0.9996,0,0,-3.442,916
-0.0344953,-0.00764047,-0.00286255,-0.0282451,0.00157452,4.44903e-05,0.9996,0,0,-3.442,917
0.0388266,0.0084339,-0.00285797,-0.0282451,0.00157452,4.44903e-05,0.9996,0,0,-3.442,918
-0.0435866,-0.0100317,-0.0028534,-0.0282451,0.00157452,4.44903e-05,0.9996,0,0,-3.442,919
-0.155165,0.301887,-0.373822,-0.00981685,0.0358307,0.000351988,0.99931,0,0,-3.442,920
-0.0158848,0.00238327,-0.00388146,-0.00981685,0.0358307,0.000351988,0.99931,0,0,-3.442,921
0,0,0,-0.00981685,0.0358307,0.000351988,0.99931,0,0,-3.442,922
-0.00893201,0.00879235,-0.00386006,-0.00981685,0.0358307,0.000351988,0.99931,0,0,-3.442,923
0.00714025,-0.00124924,-0.0038494,-0.00981685,0.0358307,0.000351988,0.99931,0,0,-3.442,924
-0.0081601,0.00715752,-0.00383878,-0.00981685,0.0358307,0.000351988,0.99931,0,0,-3.442,925
